18 0.611201 0.711007 0.773941 0.335592
144 0.254540 0.180286 0.505850 0.237810
38 0.186540 0.035510 0.179483 0.050142
91 0.392696 0.636368 0.221342 0.101994
92 0.577847 0.072809 0.077493 0.050014
91 0.867056 0.771941 0.253813 0.159348
91 0.537052 0.729390 0.189463 0.104669
21 0.709423 0.439091 0.147921 0.056176
92 0.499209 0.068514 0.081234 0.047616
91 0.567079 0.883559 0.858400 0.232883
18 0.103409 0.547873 0.204519 0.089193
65 0.867131 0.772278 0.254777 0.158657
33 0.905422 0.400679 0.186182 0.296188
91 0.337360 0.234433 0.102928 0.087620
18 0.723236 0.473565 0.288849 0.084356
91 0.579070 0.076970 0.046336 0.039678
