70 0.301195 0.687398 0.186577 0.069836
43 0.500651 0.642286 0.204453 0.104463
33 0.901154 0.304516 0.195452 0.081643
43 0.546073 0.556135 0.159016 0.079348
43 0.242579 0.545249 0.151134 0.096980
91 0.166004 0.746720 0.330833 0.506448
103 0.792040 0.443706 0.411879 0.245246
58 0.422693 0.302824 0.084446 0.037589
91 0.531638 0.369895 0.361561 0.238407
91 0.127287 0.572995 0.159738 0.102875
115 0.715176 0.858707 0.567364 0.282585
58 0.737882 0.598419 0.199499 0.088929
58 0.440672 0.298668 0.119574 0.044961
131 0.607336 0.710051 0.776843 0.367262
