33 0.718405 0.364302 0.222034 0.087955
20 0.036894 0.575189 0.071645 0.102110
91 0.043392 0.819199 0.084179 0.110965
95 0.051577 0.669909 0.099865 0.078745
115 0.500221 0.854147 0.993791 0.291611
103 0.579482 0.497624 0.541119 0.238635
43 0.160727 0.687532 0.204401 0.103292
93 0.904250 0.363955 0.188515 0.211739
131 0.499266 0.690182 0.996386 0.473440
58 0.181234 0.363596 0.095011 0.036877
43 0.186614 0.616374 0.172549 0.074701
20 0.293502 0.588796 0.073112 0.107863
91 0.309309 0.417234 0.350737 0.217465
