18 0.623972 0.808734 0.743162 0.379757
21 0.787349 0.476010 0.162023 0.054599
65 0.739986 0.724015 0.211972 0.072690
22 0.478723 0.479126 0.209647 0.125300
41 0.952995 0.706253 0.090301 0.035583
91 0.589247 0.118230 0.054273 0.035830
41 0.260713 0.830075 0.044416 0.074829
18 0.128118 0.621503 0.252482 0.092955
92 0.585307 0.114067 0.090856 0.044890
33 0.951415 0.495353 0.093493 0.137838
41 0.932403 0.735598 0.132192 0.056903
65 0.978458 0.150660 0.040690 0.025363
92 0.504982 0.114448 0.081745 0.043822
91 0.507184 0.695282 0.171454 0.096258
38 0.195953 0.108670 0.173016 0.051122
144 0.267496 0.264447 0.532872 0.297825
91 0.400171 0.896521 0.782338 0.206959
18 0.816573 0.518664 0.304472 0.084293
