129 0.587849 0.474702 0.715615 0.580242
31 0.039421 0.971240 0.077507 0.057521
140 0.039775 0.971202 0.077797 0.057555
21 0.181835 0.474475 0.180693 0.070020
140 0.375370 0.906001 0.746881 0.187997
18 0.228522 0.522578 0.329825 0.132385
91 0.465251 0.959484 0.346847 0.081002
91 0.958876 0.457809 0.076199 0.063511
131 0.230445 0.665735 0.457564 0.368149
92 0.022354 0.071184 0.043407 0.047502
18 0.020603 0.539261 0.039731 0.062535
22 0.375742 0.906113 0.746900 0.187714
140 0.204818 0.958025 0.236989 0.083493
