91 0.796556 0.953031 0.402874 0.093938
46 0.888818 0.456150 0.217104 0.094517
20 0.601139 0.494313 0.061089 0.066630
33 0.037353 0.413150 0.074495 0.112218
18 0.056634 0.562007 0.110749 0.140654
43 0.685956 0.490866 0.080836 0.093734
20 0.686629 0.490768 0.080736 0.093655
29 0.355470 0.627221 0.061952 0.053029
91 0.499128 0.796427 0.991174 0.407145
20 0.320021 0.478997 0.125115 0.124007
33 0.522168 0.304573 0.184504 0.104800
131 0.499231 0.553932 0.992925 0.410632
20 0.459659 0.493142 0.092171 0.086134
103 0.700432 0.361550 0.330748 0.190724
43 0.204072 0.549423 0.107530 0.075409
33 0.204003 0.380428 0.266822 0.109923
43 0.052713 0.605207 0.074460 0.047924
139 0.291897 0.285826 0.080546 0.087019
140 0.888485 0.456226 0.219260 0.093833
41 0.636438 0.697202 0.047971 0.042837
