102 0.381953 0.786851 0.058853 0.037259
140 0.075394 0.781534 0.108892 0.069037
118 0.661079 0.792048 0.049994 0.023709
30 0.496650 0.992210 0.202579 0.015581
94 0.485766 0.467227 0.257164 0.275026
118 0.767883 0.827525 0.068137 0.041205
93 0.602122 0.617806 0.156557 0.066958
131 0.377907 0.882679 0.662125 0.234621
93 0.774209 0.594017 0.216873 0.052969
93 0.609234 0.662272 0.143076 0.062843
104 0.121601 0.626252 0.154829 0.049450
40 0.732710 0.654633 0.527538 0.245030
144 0.135007 0.532904 0.267260 0.130615
43 0.410465 0.769952 0.055978 0.032426
140 0.085856 0.795094 0.130428 0.097682
91 0.827084 0.649645 0.344886 0.409918
