18 0.872124 0.796968 0.252873 0.148326
72 0.404494 0.306767 0.109723 0.064617
2 0.066625 0.795202 0.064814 0.038667
131 0.222164 0.876602 0.442193 0.229701
93 0.780431 0.520943 0.146885 0.111930
93 0.413236 0.563855 0.195847 0.057759
93 0.921625 0.507839 0.152945 0.236318
131 0.714573 0.820590 0.564708 0.358820
93 0.838816 0.558849 0.317065 0.258078
99 0.872696 0.797255 0.252431 0.148160
118 0.297266 0.837509 0.087665 0.042839
94 0.121396 0.431811 0.240492 0.241887
93 0.249558 0.597558 0.152358 0.074052
93 0.263886 0.642474 0.138747 0.063980
40 0.471336 0.617182 0.678633 0.276365
118 0.474133 0.788764 0.059895 0.044335
91 0.532726 0.595062 0.513856 0.419931
