93 0.137379 0.625391 0.161433 0.086002
12 0.580326 0.871645 0.833699 0.256599
40 0.363655 0.714748 0.724413 0.286577
93 0.231693 0.637303 0.123902 0.057870
92 0.178319 0.401671 0.066057 0.050203
57 0.683902 0.899076 0.188268 0.085049
91 0.485732 0.596776 0.207225 0.179715
131 0.574908 0.871611 0.843338 0.256759
148 0.527841 0.632746 0.027566 0.015827
93 0.137952 0.608863 0.162453 0.054382
93 0.776862 0.716065 0.433374 0.307141
94 0.101533 0.442647 0.201120 0.287319
91 0.486330 0.569838 0.206734 0.124521
40 0.358142 0.697839 0.710337 0.199663
33 0.087439 0.879799 0.173201 0.226298
17 0.775968 0.716754 0.433244 0.305506
93 0.873905 0.676135 0.249514 0.243962
72 0.873201 0.262454 0.150312 0.085412
91 0.508603 0.678900 0.410909 0.389159
18 0.717380 0.920197 0.326553 0.139685
93 0.302415 0.617907 0.180407 0.100400
118 0.145916 0.794155 0.054910 0.025600
93 0.141942 0.654270 0.145470 0.059943
