44 0.396645 0.826081 0.222918 0.162512
20 0.477781 0.529141 0.049728 0.055182
8 0.528262 0.611378 0.099926 0.073101
91 0.233498 0.818062 0.460772 0.363845
131 0.695254 0.818631 0.602854 0.362737
30 0.978030 0.518370 0.041892 0.143707
33 0.535397 0.770239 0.211740 0.203628
44 0.388786 0.848013 0.208127 0.111817
33 0.902864 0.446360 0.070465 0.079153
45 0.678256 0.622937 0.198868 0.098916
91 0.254212 0.451807 0.499958 0.903613
139 0.641313 0.529710 0.085182 0.098502
105 0.564294 0.432623 0.327682 0.316165
25 0.588254 0.261118 0.066448 0.029535
25 0.391049 0.424014 0.119579 0.077576
