25 0.822866 0.317389 0.065815 0.031075
19 0.903463 0.757805 0.074826 0.053349
72 0.274009 0.020406 0.049638 0.040806
46 0.547093 0.962705 0.303308 0.074590
83 0.744896 0.581383 0.213410 0.114343
43 0.360719 0.359069 0.028570 0.014098
135 0.428188 0.446779 0.132408 0.046986
20 0.965694 0.790151 0.065997 0.104637
115 0.055999 0.461233 0.108966 0.018087
131 0.524778 0.885911 0.941767 0.228119
20 0.054563 0.333700 0.041026 0.043531
45 0.753749 0.671668 0.149836 0.098793
21 0.390575 0.238075 0.117463 0.026693
33 0.398925 0.808616 0.797851 0.263912
139 0.751898 0.578960 0.089590 0.088919
105 0.744240 0.478215 0.306522 0.320167
91 0.913584 0.540956 0.168877 0.505341
133 0.546237 0.962669 0.304898 0.074661
72 0.270162 0.031605 0.360099 0.063211
8 0.639920 0.655427 0.115177 0.082463
20 0.018207 0.327399 0.032778 0.051628
