91 0.460680 0.917179 0.606753 0.165577
104 0.550798 0.374695 0.155297 0.040926
91 0.093852 0.601629 0.186091 0.577047
33 0.908474 0.572362 0.180206 0.171435
93 0.959051 0.504048 0.079690 0.085786
144 0.579605 0.280045 0.359105 0.139884
102 0.691327 0.577528 0.053402 0.036509
94 0.950128 0.326415 0.097172 0.271391
140 0.544779 0.729327 0.906456 0.449719
140 0.706139 0.570053 0.106651 0.048119
140 0.410687 0.361697 0.057780 0.041130
91 0.531824 0.913462 0.923160 0.173001
117 0.544900 0.729792 0.908209 0.449207
40 0.908723 0.572143 0.179432 0.171094
