91 0.242372 0.382461 0.482668 0.764922
91 0.757509 0.569056 0.480801 0.407633
81 0.247478 0.182360 0.080344 0.058445
131 0.500279 0.876766 0.997516 0.246408
33 0.575240 0.664398 0.434763 0.220655
115 0.634065 0.421519 0.146044 0.018849
59 0.449526 0.944494 0.360291 0.110962
41 0.951688 0.883592 0.092844 0.032207
115 0.505020 0.413744 0.104141 0.017596
72 0.652157 0.009803 0.046538 0.019606
21 0.963704 0.335941 0.068887 0.024638
21 0.792402 0.260642 0.103736 0.028155
43 0.719739 0.403974 0.050308 0.032950
72 0.800444 0.016082 0.043285 0.032165
20 0.495074 0.298848 0.037855 0.038311
20 0.445983 0.944500 0.367444 0.110916
75 0.450585 0.944508 0.359461 0.110983
