72 0.334468 0.035334 0.046033 0.044013
41 0.693311 0.903214 0.073900 0.031354
33 0.260662 0.821553 0.144289 0.244351
115 0.353933 0.476130 0.134517 0.018301
72 0.487612 0.030079 0.352233 0.060125
148 0.513887 0.880768 0.074147 0.041061
131 0.501494 0.937214 0.994299 0.125525
148 0.761421 0.814169 0.053734 0.017066
135 0.780229 0.433727 0.120573 0.063515
72 0.489856 0.032383 0.046829 0.047344
20 0.343775 0.350837 0.037806 0.047747
59 0.216693 0.942374 0.197770 0.115252
20 0.383462 0.354309 0.038583 0.040128
21 0.685431 0.235723 0.118949 0.021946
75 0.216445 0.942451 0.198881 0.115093
33 0.572826 0.819138 0.777756 0.240901
20 0.338581 0.442356 0.033070 0.051572
139 0.033793 0.523625 0.065953 0.084279
20 0.966398 0.553248 0.049907 0.058244
121 0.378489 0.454642 0.042414 0.024325
81 0.571322 0.546822 0.060525 0.050366
25 0.100849 0.458640 0.103587 0.048343
91 0.559066 0.625169 0.611436 0.749662
