33 0.143964 0.879500 0.164936 0.240351
148 0.680454 0.780980 0.074087 0.030450
72 0.411189 0.120549 0.331760 0.072547
21 0.746492 0.445228 0.087656 0.021992
121 0.255925 0.529395 0.042315 0.024446
115 0.227759 0.551244 0.136703 0.017925
72 0.268679 0.118927 0.044198 0.043538
43 0.122439 0.526436 0.045795 0.034708
20 0.229151 0.424072 0.038968 0.049928
21 0.572545 0.324008 0.114049 0.023511
20 0.215533 0.515033 0.031120 0.052653
81 0.436755 0.589787 0.077883 0.055938
20 0.551290 0.519511 0.042003 0.050759
139 0.970935 0.653625 0.055887 0.096153
91 0.369925 0.686210 0.734130 0.626752
105 0.899384 0.551848 0.199757 0.335769
20 0.268310 0.429790 0.038451 0.039810
33 0.426909 0.879935 0.748314 0.240129
