93 0.927179 0.614777 0.141730 0.111307
33 0.516375 0.968405 0.674028 0.063123
131 0.765619 0.829812 0.464127 0.340375
43 0.212525 0.704489 0.062697 0.034298
40 0.626654 0.612788 0.709644 0.189776
33 0.868561 0.619730 0.257731 0.203805
2 0.182695 0.721693 0.057682 0.041255
94 0.303519 0.406021 0.238009 0.270693
40 0.867965 0.619833 0.258490 0.203463
93 0.392896 0.602333 0.072355 0.055244
144 0.038587 0.442542 0.075174 0.114769
91 0.840992 0.506253 0.315449 0.235407
148 0.820930 0.506132 0.026523 0.016640
92 0.407335 0.357015 0.064126 0.062306
40 0.637489 0.758526 0.718193 0.482949
134 0.943051 0.819187 0.111839 0.123846
131 0.247357 0.800327 0.489829 0.199562
91 0.604343 0.639095 0.424019 0.498118
43 0.201864 0.703236 0.040776 0.032092
