21 0.314555 0.732259 0.069019 0.032309
118 0.581157 0.769190 0.118542 0.069906
104 0.040667 0.599153 0.080535 0.044659
131 0.313432 0.861415 0.620871 0.277109
94 0.346550 0.429718 0.266737 0.253793
93 0.957418 0.592149 0.082817 0.075534
93 0.504665 0.559602 0.205570 0.083451
102 0.280350 0.750202 0.062645 0.037349
93 0.578374 0.545661 0.067295 0.038456
93 0.482748 0.569069 0.162688 0.068293
131 0.789191 0.818956 0.417944 0.362087
93 0.502799 0.610246 0.141554 0.060820
118 0.562180 0.740580 0.053250 0.028069
40 0.677541 0.610190 0.642011 0.232137
144 0.071003 0.499010 0.139517 0.124874
91 0.640991 0.465982 0.212950 0.197217
91 0.760430 0.582253 0.476819 0.414603
