140 0.793174 0.774168 0.187355 0.087556
72 0.384589 0.283574 0.067552 0.039004
94 0.100408 0.442847 0.198719 0.239759
111 0.518653 0.770877 0.080240 0.062429
72 0.065467 0.317148 0.080372 0.039822
93 0.810313 0.570389 0.373203 0.293655
93 0.893675 0.495969 0.210516 0.253688
93 0.365254 0.555000 0.192007 0.058130
131 0.676948 0.818099 0.640761 0.363736
93 0.729643 0.509674 0.148028 0.109735
118 0.254191 0.829056 0.084257 0.042174
57 0.793042 0.773921 0.188380 0.089499
93 0.205604 0.588849 0.152828 0.073260
93 0.218624 0.635219 0.144764 0.064130
99 0.834527 0.796721 0.326073 0.154759
40 0.392933 0.623427 0.613380 0.249490
18 0.834439 0.796630 0.323367 0.154812
91 0.486584 0.590296 0.514900 0.416861
131 0.199241 0.878651 0.394743 0.242697
