91 0.222620 0.655260 0.441360 0.689480
92 0.799243 0.230493 0.209925 0.108639
139 0.830961 0.600936 0.076681 0.097113
105 0.809629 0.511172 0.214213 0.325764
72 0.171570 0.107335 0.339176 0.067341
43 0.807461 0.333818 0.062518 0.029451
139 0.903337 0.870171 0.191706 0.074357
88 0.911865 0.959948 0.173618 0.080104
91 0.402770 0.546127 0.648319 0.785474
89 0.913970 0.959946 0.168815 0.080108
8 0.751660 0.696212 0.081327 0.079338
16 0.539220 0.605573 0.364726 0.335297
47 0.931040 0.446470 0.135410 0.244153
43 0.560503 0.356363 0.054679 0.036315
98 0.423356 0.844384 0.703010 0.311106
18 0.828447 0.947101 0.340476 0.105798
131 0.630301 0.895772 0.734393 0.208456
30 0.261840 0.844707 0.375241 0.309652
