93 0.458837 0.646579 0.140840 0.061548
102 0.234843 0.785929 0.062307 0.036761
118 0.520130 0.775375 0.057286 0.025846
131 0.293306 0.878561 0.585735 0.239170
144 0.048876 0.526408 0.096171 0.117935
30 0.368677 0.990500 0.253156 0.019000
18 0.961345 0.833263 0.074067 0.062857
118 0.449310 0.840973 0.086002 0.038398
91 0.755941 0.523506 0.239451 0.162687
93 0.434813 0.603472 0.152104 0.067157
131 0.787476 0.832059 0.421972 0.335881
40 0.648396 0.627807 0.667499 0.263992
94 0.305396 0.459800 0.262851 0.262873
91 0.787104 0.619057 0.358980 0.409895
93 0.570908 0.589225 0.198605 0.104154
