43 0.771217 0.402666 0.045434 0.048882
43 0.729763 0.396746 0.035105 0.032859
33 0.788660 0.674189 0.419712 0.184245
115 0.486875 0.403920 0.160234 0.019796
131 0.500180 0.871144 0.994694 0.257567
135 0.861318 0.404111 0.136152 0.054486
89 0.218615 0.771269 0.080778 0.009106
20 0.512687 0.289144 0.038390 0.040706
121 0.489441 0.383774 0.041290 0.023221
140 0.462687 0.939432 0.259492 0.121136
91 0.465407 0.939457 0.248103 0.120969
139 0.111323 0.427649 0.142156 0.082614
65 0.485910 0.905272 0.152980 0.053214
20 0.476007 0.284728 0.036445 0.044186
20 0.452071 0.368542 0.030206 0.049105
25 0.959728 0.406529 0.079658 0.081126
43 0.293972 0.366190 0.046798 0.020137
72 0.829179 0.012852 0.048210 0.025704
80 0.110509 0.427338 0.136062 0.082436
21 0.833009 0.199790 0.115081 0.026572
115 0.643637 0.412350 0.166808 0.023054
