104 0.102727 0.479261 0.161261 0.043728
33 0.563042 0.939183 0.703286 0.121595
93 0.581331 0.509950 0.140010 0.052599
93 0.581401 0.526990 0.140629 0.086429
91 0.949363 0.453804 0.099108 0.279358
94 0.511112 0.353432 0.250250 0.273073
131 0.307331 0.792354 0.614663 0.302494
40 0.721376 0.584252 0.557248 0.156404
91 0.806346 0.579750 0.340286 0.488703
21 0.047182 0.673422 0.090359 0.039656
144 0.134149 0.384701 0.265966 0.119709
102 0.331064 0.656500 0.057726 0.039565
140 0.102766 0.479204 0.161022 0.043728
91 0.949193 0.405805 0.098936 0.183739
93 0.588345 0.551785 0.116092 0.057914
