91 0.270882 0.669166 0.512838 0.422854
18 0.740043 0.827820 0.301587 0.139360
99 0.740587 0.828124 0.299760 0.139357
131 0.652984 0.843245 0.691378 0.313510
93 0.838259 0.544266 0.319439 0.256042
94 0.753974 0.094117 0.343406 0.188187
93 0.749614 0.621517 0.453360 0.262060
140 0.698629 0.808161 0.171716 0.080528
93 0.062218 0.659166 0.081332 0.049189
91 0.564915 0.510671 0.605085 0.318831
57 0.699856 0.808094 0.170158 0.080750
118 0.167383 0.891028 0.085533 0.044282
12 0.652685 0.843787 0.692810 0.311936
93 0.101872 0.696127 0.092840 0.053180
133 0.697421 0.809152 0.174779 0.078934
