43 0.611998 0.418440 0.090330 0.024756
20 0.855246 0.393725 0.117071 0.123642
20 0.749710 0.417274 0.125177 0.114052
21 0.468655 0.443359 0.332729 0.058773
65 0.209197 0.169530 0.193697 0.080500
33 0.561670 0.399326 0.257282 0.060347
91 0.209982 0.383126 0.415926 0.501547
131 0.503453 0.735346 0.989817 0.529308
20 0.944660 0.382717 0.103928 0.152135
21 0.894428 0.484866 0.208264 0.076580
59 0.062938 0.218460 0.122885 0.084962
72 0.903514 0.081318 0.190882 0.162556
70 0.526304 0.642533 0.124586 0.055636
72 0.970364 0.010586 0.056754 0.021172
95 0.469217 0.442401 0.338468 0.060046
72 0.877201 0.090172 0.141351 0.144766
