21 0.602212 0.572676 0.328167 0.059312
43 0.269160 0.526505 0.077072 0.059598
95 0.602771 0.572967 0.327452 0.060636
8 0.078492 0.544629 0.153504 0.116944
131 0.500540 0.796958 0.996666 0.405830
20 0.187352 0.514871 0.096728 0.147630
91 0.684829 0.463252 0.628352 0.293995
102 0.301009 0.592438 0.150660 0.085921
92 0.036755 0.331681 0.041641 0.035472
21 0.048898 0.647648 0.095999 0.092098
92 0.104398 0.336760 0.052297 0.046413
91 0.094832 0.932026 0.187410 0.135368
91 0.686406 0.653955 0.626336 0.674132
140 0.917456 0.131434 0.049258 0.044513
72 0.149092 0.115863 0.290146 0.231727
95 0.389608 0.713258 0.311765 0.113200
72 0.227495 0.072958 0.135528 0.145899
80 0.210669 0.638599 0.277180 0.099834
