140 0.137482 0.770151 0.066101 0.030580
33 0.889522 0.510157 0.217343 0.241622
140 0.144309 0.659588 0.131220 0.055917
133 0.157669 0.562300 0.181955 0.151692
41 0.137510 0.770428 0.068223 0.030844
18 0.691287 0.890197 0.438071 0.219225
133 0.828339 0.873906 0.340980 0.252187
18 0.500660 0.727343 0.301455 0.118321
140 0.483008 0.814228 0.091292 0.044023
8 0.463316 0.215513 0.199360 0.095970
95 0.052867 0.603586 0.104046 0.068593
140 0.334075 0.736339 0.069704 0.045574
18 0.144761 0.659818 0.132266 0.056083
