43 0.815592 0.633444 0.365771 0.317121
80 0.794631 0.490301 0.252430 0.087666
131 0.498479 0.804616 0.992843 0.390645
124 0.153798 0.601429 0.193008 0.023511
95 0.103938 0.663771 0.206550 0.135705
91 0.877973 0.197080 0.239280 0.394159
50 0.530049 0.617589 0.076181 0.034163
2 0.452966 0.625293 0.077056 0.047755
21 0.035555 0.584248 0.068995 0.054520
103 0.272575 0.464679 0.181323 0.116410
25 0.815290 0.632594 0.364592 0.318710
20 0.815534 0.632644 0.364997 0.319020
43 0.605784 0.521161 0.134782 0.076005
22 0.414313 0.490960 0.257210 0.142412
91 0.878066 0.292622 0.240613 0.205515
135 0.414094 0.466139 0.256719 0.191809
43 0.729730 0.424377 0.160263 0.090903
21 0.411468 0.631102 0.439069 0.185332
43 0.035213 0.584223 0.068414 0.054353
61 0.452626 0.625347 0.078415 0.047616
