47 0.778146 0.326095 0.249361 0.209831
33 0.168402 0.502859 0.242934 0.102939
21 0.233190 0.746133 0.462858 0.208704
43 0.658509 0.525516 0.184251 0.098091
91 0.883168 0.386083 0.232287 0.268152
135 0.312649 0.539789 0.340890 0.218601
2 0.267117 0.734089 0.088964 0.058314
22 0.284080 0.571379 0.288220 0.155328
21 0.879417 0.874469 0.239383 0.215958
23 0.743326 0.425743 0.084483 0.042128
131 0.498522 0.758164 0.995031 0.482063
20 0.585111 0.820325 0.406622 0.312948
80 0.691430 0.589412 0.247349 0.094154
103 0.168572 0.502903 0.243609 0.103292
25 0.879148 0.874488 0.240454 0.215938
80 0.371580 0.480800 0.229164 0.100515
2 0.236690 0.794428 0.076777 0.020023
101 0.902196 0.840802 0.191366 0.102280
91 0.634071 0.434208 0.264430 0.173517
43 0.471745 0.623252 0.143248 0.087712
91 0.699963 0.434286 0.395580 0.174360
2 0.346246 0.756513 0.117247 0.065157
