43 0.058005 0.645301 0.056213 0.063434
94 0.335137 0.634523 0.124074 0.127831
43 0.287364 0.684332 0.033621 0.038091
21 0.414503 0.986390 0.555028 0.027196
91 0.916933 0.632095 0.163245 0.694419
91 0.602746 0.691060 0.494085 0.567278
72 0.100030 0.135196 0.197460 0.190392
58 0.581519 0.462710 0.136645 0.024068
80 0.345248 0.855624 0.210979 0.088562
43 0.173766 0.724763 0.080225 0.091539
43 0.031028 0.731584 0.058809 0.045146
131 0.264972 0.837514 0.528262 0.324304
95 0.505838 0.984332 0.953305 0.031323
72 0.968130 0.256895 0.050369 0.034237
20 0.058891 0.645202 0.055641 0.063517
25 0.317722 0.671092 0.069078 0.050077
39 0.173225 0.724314 0.080520 0.091512
95 0.710290 0.984307 0.479920 0.031281
