94 0.361793 0.346425 0.046106 0.039243
33 0.935522 0.538265 0.118923 0.142997
15 0.322034 0.861069 0.638783 0.277862
95 0.742128 0.444131 0.107143 0.013905
105 0.854699 0.380652 0.209714 0.173451
105 0.842504 0.405199 0.183825 0.118845
120 0.893306 0.889469 0.209571 0.221034
33 0.878031 0.541711 0.199647 0.149352
30 0.161000 0.433916 0.077884 0.034219
33 0.446250 0.497750 0.136691 0.139958
33 0.562472 0.520128 0.150241 0.150870
33 0.716128 0.545955 0.167603 0.159217
93 0.107311 0.508469 0.176224 0.121866
40 0.166469 0.560323 0.330234 0.231627
21 0.222169 0.387338 0.036403 0.015699
21 0.805958 0.456244 0.047966 0.016297
33 0.353634 0.478951 0.115356 0.133200
