33 0.809924 0.264051 0.375653 0.527551
93 0.577042 0.130189 0.090331 0.066490
21 0.416831 0.297477 0.129013 0.031869
117 0.393291 0.597482 0.784154 0.394612
72 0.446370 0.124581 0.078610 0.021065
140 0.281454 0.921496 0.102674 0.110178
22 0.392363 0.597813 0.783738 0.394183
143 0.394121 0.597129 0.784065 0.395000
40 0.319599 0.228960 0.636047 0.253759
21 0.540112 0.295564 0.147010 0.034960
93 0.566694 0.148733 0.077379 0.033232
120 0.608336 0.967888 0.157469 0.064099
18 0.455094 0.565973 0.620685 0.297138
98 0.392409 0.596811 0.784128 0.394566
