15 0.216878 0.762192 0.429941 0.173266
72 0.977906 0.363891 0.042047 0.052360
72 0.977450 0.351099 0.041318 0.026336
40 0.862602 0.642555 0.264421 0.086853
93 0.103374 0.636563 0.138873 0.050106
94 0.455387 0.556500 0.108347 0.072859
18 0.875910 0.645606 0.107393 0.031194
91 0.245096 0.594540 0.302275 0.568608
92 0.587617 0.485789 0.182784 0.121431
91 0.871934 0.627627 0.169571 0.116765
12 0.634693 0.843074 0.726287 0.313853
72 0.683702 0.551319 0.045907 0.048280
40 0.094346 0.650747 0.184237 0.076840
72 0.722593 0.049295 0.280068 0.098591
33 0.859692 0.641135 0.270128 0.090154
