12 0.582784 0.619850 0.833832 0.162146
92 0.217991 0.415149 0.035410 0.037919
92 0.269462 0.402889 0.040554 0.029514
72 0.601918 0.065251 0.200706 0.129774
92 0.207744 0.310858 0.046361 0.034369
92 0.278425 0.358965 0.039441 0.047533
91 0.319549 0.873334 0.617876 0.253278
92 0.204458 0.359164 0.083288 0.062530
146 0.777540 0.905912 0.439277 0.188176
144 0.019369 0.242681 0.034791 0.079573
33 0.974198 0.516291 0.049081 0.045413
92 0.125835 0.362383 0.043670 0.043824
92 0.129704 0.319733 0.050803 0.034861
94 0.036219 0.459653 0.070720 0.114808
