18 0.302659 0.702346 0.111260 0.103680
92 0.909016 0.563688 0.119821 0.060168
12 0.681508 0.894720 0.632780 0.210494
72 0.888285 0.133970 0.219465 0.144200
92 0.893456 0.509495 0.065319 0.032375
106 0.500000 0.402428 1.000000 0.802007
18 0.100328 0.804707 0.175268 0.042151
18 0.401161 0.703622 0.089381 0.098254
94 0.635205 0.700615 0.107462 0.152285
92 0.805235 0.577795 0.054225 0.043734
92 0.797520 0.531799 0.066086 0.029972
19 0.197187 0.692643 0.096155 0.106475
140 0.116935 0.927094 0.048464 0.016864
144 0.332555 0.507655 0.509012 0.176638
92 0.945108 0.625900 0.051931 0.043403
