92 0.683196 0.450761 0.077297 0.044976
92 0.523882 0.469728 0.234013 0.113515
144 0.937712 0.653259 0.120680 0.068417
33 0.537742 0.607191 0.079535 0.016950
33 0.309442 0.723124 0.129793 0.073943
2 0.914842 0.789139 0.033262 0.018800
43 0.388406 0.925470 0.162630 0.080382
92 0.710519 0.484550 0.076413 0.043666
92 0.252760 0.535803 0.045225 0.029106
18 0.772493 0.598215 0.099203 0.031846
92 0.212050 0.545508 0.054296 0.030862
70 0.729510 0.930425 0.222108 0.019134
92 0.611654 0.373176 0.078243 0.045065
20 0.940135 0.080205 0.075463 0.041957
25 0.450872 0.565473 0.054321 0.035092
41 0.729443 0.930334 0.224025 0.019134
72 0.249161 0.451773 0.181186 0.150082
72 0.379487 0.239239 0.276704 0.223495
43 0.899396 0.610943 0.037336 0.026525
