39 0.032552 0.770891 0.062379 0.171532
20 0.175787 0.685502 0.052199 0.059682
20 0.394652 0.695490 0.049839 0.061425
20 0.236079 0.836031 0.239881 0.243039
20 0.032277 0.772031 0.062496 0.168854
131 0.430781 0.867240 0.858883 0.265520
91 0.047085 0.577746 0.091763 0.218240
21 0.492398 0.801418 0.213742 0.077997
91 0.697254 0.666755 0.601137 0.665549
148 0.758767 0.979394 0.078981 0.041125
43 0.031985 0.773699 0.061846 0.165486
21 0.084841 0.703362 0.062780 0.035057
20 0.326549 0.707042 0.080979 0.176613
72 0.564068 0.262633 0.439368 0.317114
92 0.632257 0.540344 0.110129 0.096484
47 0.474161 0.552757 0.151977 0.231609
33 0.197606 0.653243 0.204197 0.073351
