91 0.520772 0.278587 0.320689 0.211899
72 0.889647 0.029583 0.213300 0.059142
20 0.341554 0.397179 0.108748 0.102105
91 0.758505 0.363986 0.474589 0.136241
33 0.683944 0.325913 0.048128 0.056672
33 0.308064 0.766219 0.613199 0.374831
15 0.308624 0.770025 0.611683 0.369361
20 0.886781 0.417823 0.148007 0.201163
20 0.912449 0.288314 0.050277 0.062541
21 0.492767 0.440254 0.161110 0.058871
91 0.136010 0.526350 0.266777 0.260472
72 0.584636 0.049409 0.330967 0.068437
131 0.641419 0.541688 0.714924 0.257214
