72 0.593162 0.067400 0.471204 0.134800
148 0.452475 0.461090 0.061162 0.043648
43 0.648834 0.450343 0.153495 0.045588
21 0.648702 0.450501 0.154277 0.046089
91 0.652488 0.389013 0.688145 0.577146
21 0.117933 0.430492 0.101185 0.031501
21 0.537570 0.438356 0.095453 0.041542
20 0.241938 0.480512 0.157137 0.165234
20 0.252914 0.362727 0.047305 0.058349
72 0.168950 0.102227 0.315618 0.087134
21 0.155069 0.462383 0.058827 0.041848
131 0.314976 0.580796 0.625382 0.277883
131 0.506863 0.828856 0.980279 0.342289
43 0.242377 0.480960 0.157806 0.164572
92 0.652593 0.285811 0.070405 0.044114
41 0.634463 0.419718 0.044376 0.042523
20 0.263951 0.379374 0.072400 0.092670
92 0.649855 0.267557 0.074036 0.079785
20 0.475490 0.395831 0.047778 0.060557
33 0.024527 0.405463 0.048559 0.084094
95 0.117423 0.430634 0.100519 0.031928
41 0.639795 0.422563 0.032549 0.040399
115 0.506694 0.828174 0.981883 0.343652
