72 0.683448 0.029512 0.429670 0.059011
92 0.080775 0.127744 0.103568 0.064414
92 0.418153 0.179368 0.116598 0.088975
92 0.331064 0.239574 0.098133 0.087778
33 0.716824 0.346370 0.218139 0.179695
18 0.454601 0.746303 0.671309 0.355002
91 0.704092 0.917126 0.584523 0.165718
18 0.124282 0.359530 0.201551 0.069335
91 0.339565 0.238774 0.045945 0.054793
95 0.849596 0.238197 0.052745 0.021335
92 0.205113 0.150733 0.078168 0.048392
92 0.032462 0.206011 0.063290 0.123857
92 0.091677 0.220909 0.053579 0.023073
33 0.419354 0.346012 0.200102 0.116698
18 0.840042 0.604858 0.164723 0.071278
72 0.570800 0.043072 0.062634 0.033831
57 0.493104 0.773329 0.470640 0.182071
33 0.932933 0.306525 0.131065 0.133607
