92 0.472079 0.056186 0.113757 0.096702
92 0.246586 0.021489 0.079103 0.042936
40 0.233729 0.354934 0.467134 0.288336
91 0.167892 0.307693 0.334326 0.287765
92 0.040623 0.070009 0.077841 0.128942
18 0.408166 0.204220 0.141509 0.015042
18 0.818511 0.520883 0.176654 0.079324
92 0.113876 0.086647 0.055897 0.022697
18 0.146752 0.250804 0.203485 0.087300
93 0.403236 0.373287 0.300405 0.099786
91 0.510743 0.832907 0.973630 0.334187
92 0.368365 0.115923 0.091217 0.090934
33 0.444632 0.231518 0.195328 0.123072
92 0.118500 0.011285 0.097501 0.022570
33 0.762149 0.252982 0.212366 0.188939
33 0.956463 0.229833 0.084801 0.094386
18 0.408483 0.205629 0.135973 0.010645
18 0.468566 0.694103 0.933260 0.293308
38 0.102899 0.051747 0.029975 0.019018
