91 0.472054 0.769309 0.774089 0.461382
93 0.496453 0.368887 0.295193 0.071809
140 0.484691 0.943131 0.275547 0.113737
40 0.497035 0.777302 0.988380 0.445395
140 0.861553 0.380362 0.073000 0.015138
18 0.698283 0.385834 0.065826 0.023780
140 0.447478 0.403418 0.059566 0.022880
12 0.504364 0.775533 0.985158 0.448124
133 0.964619 0.327986 0.066849 0.142516
17 0.500412 0.777846 0.996219 0.444308
133 0.290163 0.274802 0.114975 0.035546
18 0.889567 0.408758 0.151057 0.023604
144 0.061698 0.104207 0.108893 0.051779
144 0.476933 0.204046 0.411138 0.152867
