91 0.662031 0.860277 0.674427 0.279086
131 0.500199 0.739661 0.990718 0.253413
41 0.328797 0.720368 0.021046 0.007746
41 0.368278 0.722206 0.096523 0.009959
57 0.182318 0.981056 0.150805 0.037804
72 0.947633 0.093541 0.053250 0.028597
72 0.299999 0.036077 0.139829 0.071949
12 0.186372 0.579357 0.368247 0.291494
18 0.343065 0.909167 0.683444 0.181665
47 0.485412 0.390565 0.256995 0.318779
91 0.501715 0.859218 0.990387 0.281273
93 0.335226 0.431856 0.098114 0.046566
92 0.245928 0.340951 0.074497 0.041398
92 0.234063 0.297169 0.074383 0.041663
92 0.151868 0.333866 0.118835 0.085012
92 0.725593 0.316342 0.233500 0.178622
