43 0.100882 0.658562 0.082994 0.039702
20 0.624283 0.601325 0.051841 0.053321
69 0.502383 0.576012 0.995234 0.773699
25 0.911965 0.564470 0.097970 0.060501
21 0.958881 0.593156 0.080197 0.028420
43 0.106728 0.611317 0.048098 0.028007
95 0.883880 0.604581 0.142211 0.019318
43 0.785280 0.595493 0.040050 0.024459
30 0.066856 0.981798 0.131859 0.036403
43 0.286369 0.623640 0.056531 0.059141
20 0.342095 0.595818 0.053501 0.101654
21 0.803470 0.565870 0.085352 0.023590
91 0.846965 0.815028 0.302112 0.369326
43 0.818304 0.588676 0.070752 0.028020
21 0.714196 0.612524 0.055909 0.022732
20 0.262218 0.564819 0.030715 0.066473
148 0.944631 0.901312 0.108214 0.049119
43 0.566946 0.610301 0.051004 0.042678
87 0.881585 0.512339 0.108748 0.052048
20 0.567576 0.610439 0.051507 0.042175
21 0.820516 0.588362 0.066696 0.027433
