21 0.156966 0.323279 0.309431 0.164238
95 0.600399 0.668497 0.797247 0.663006
115 0.133802 0.098968 0.263426 0.099537
91 0.857170 0.735077 0.282438 0.207479
68 0.687690 0.697018 0.616424 0.444563
131 0.502563 0.577002 0.994873 0.845996
11 0.689353 0.698157 0.619622 0.447491
37 0.689681 0.699094 0.618527 0.449214
21 0.115903 0.198694 0.227765 0.135266
124 0.404576 0.357681 0.190582 0.077344
8 0.863006 0.106857 0.270788 0.208174
21 0.190315 0.474119 0.375783 0.198306
43 0.157204 0.323114 0.310428 0.164832
65 0.081341 0.760310 0.120016 0.053556
