30 0.103408 0.547874 0.204512 0.089198
121 0.867129 0.772275 0.254766 0.158659
182 0.337363 0.234434 0.102930 0.087615
55 0.905420 0.400676 0.186191 0.296187
30 0.723232 0.473566 0.288848 0.084363
182 0.579072 0.076973 0.046348 0.039681
182 0.394434 0.636379 0.221328 0.101989
37 0.809170 0.614764 0.195137 0.093132
184 0.539141 0.730940 0.189453 0.104670
184 0.871914 0.774077 0.254766 0.158659
30 0.138604 0.433912 0.277207 0.127341
260 0.415078 0.424478 0.258633 0.135396
34 0.413906 0.423813 0.258633 0.135385
254 0.460049 0.516846 0.910840 0.208791
184 0.392695 0.636368 0.221328 0.101989
331 0.257646 0.291615 0.204668 0.064527
331 0.165439 0.506093 0.128184 0.040495
331 0.363350 0.511154 0.249629 0.055670
30 0.611201 0.711005 0.773926 0.335593
279 0.254541 0.180286 0.505840 0.237802
64 0.186543 0.035511 0.179492 0.050143
184 0.577852 0.072808 0.077500 0.050011
182 0.867061 0.771940 0.253809 0.159352
182 0.537051 0.729390 0.189453 0.104670
33 0.709424 0.439088 0.147910 0.056176
184 0.499209 0.068511 0.081230 0.047615
182 0.567070 0.883560 0.858398 0.232879
