78 0.052715 0.605203 0.074453 0.047923
55 0.037354 0.413154 0.074512 0.112220
32 0.601133 0.494313 0.061094 0.066626
120 0.796553 0.953033 0.402871 0.093934
34 0.355469 0.627220 0.061953 0.053033
266 0.056631 0.562005 0.110762 0.140648
324 0.889873 0.456626 0.216465 0.093033
78 0.685957 0.490868 0.080820 0.093736
32 0.686631 0.490769 0.080723 0.093648
182 0.499121 0.796429 0.991172 0.407143
32 0.320020 0.478995 0.125117 0.124011
55 0.522168 0.304577 0.184492 0.104802
254 0.499238 0.553934 0.992930 0.410637
32 0.459658 0.493143 0.092168 0.086132
202 0.700430 0.361549 0.330742 0.190725
78 0.204072 0.549423 0.107520 0.075418
55 0.204004 0.380423 0.266836 0.109923
266 0.291895 0.285830 0.080547 0.087022
