51 0.204824 0.958022 0.236992 0.083495
182 0.962783 0.458665 0.074434 0.063505
30 0.375371 0.906000 0.746875 0.188000
184 0.958877 0.457808 0.076191 0.063505
184 0.375742 0.906110 0.746914 0.187714
250 0.587852 0.474703 0.715625 0.580242
51 0.039424 0.971242 0.077520 0.057516
267 0.039775 0.971203 0.077793 0.057549
33 0.181836 0.474473 0.180703 0.070022
30 0.228525 0.522577 0.329824 0.132385
182 0.465254 0.959484 0.346836 0.081011
254 0.230439 0.665736 0.457559 0.368154
184 0.022354 0.071181 0.043418 0.047505
30 0.020605 0.539258 0.039727 0.062538
