342 0.136787 0.584467 0.036543 0.032912
182 0.521895 0.262857 0.405313 0.201692
202 0.740684 0.440060 0.515469 0.270297
254 0.498779 0.731863 0.997402 0.435813
55 0.882744 0.286830 0.231816 0.084846
279 0.357920 0.481555 0.089746 0.055659
182 0.079785 0.612978 0.157500 0.187912
182 0.315596 0.415549 0.333301 0.164022
32 0.216533 0.566775 0.164707 0.097505
33 0.463789 0.661852 0.207539 0.113901
271 0.671426 0.859643 0.657148 0.280714
55 0.575352 0.408995 0.271328 0.119615
336 0.720820 0.605670 0.236719 0.106022
32 0.524570 0.566505 0.172656 0.094505
