331 0.305996 0.353615 0.188906 0.062000
184 0.507188 0.695280 0.171445 0.096253
184 0.932402 0.735599 0.132188 0.056912
184 0.952998 0.706253 0.090293 0.035582
55 0.713379 0.792209 0.300664 0.229033
30 0.623965 0.808736 0.743164 0.379758
33 0.787344 0.476011 0.162031 0.054593
34 0.478730 0.479126 0.209648 0.125308
182 0.589248 0.118231 0.054277 0.035824
30 0.128115 0.621500 0.252480 0.092956
184 0.585313 0.114071 0.090859 0.044890
55 0.951416 0.495352 0.093496 0.137846
184 0.504980 0.114451 0.081758 0.043824
64 0.195957 0.108670 0.173008 0.051121
279 0.267490 0.264451 0.532871 0.297824
182 0.400176 0.896522 0.782344 0.206956
30 0.816572 0.518665 0.304473 0.084297
103 0.934609 0.736269 0.130781 0.056912
239 0.951338 0.705341 0.090293 0.035582
32 0.946758 0.885753 0.105859 0.146912
184 0.947080 0.887099 0.105840 0.146901
184 0.717734 0.796352 0.300664 0.229033
182 0.514551 0.698687 0.171445 0.096253
331 0.406348 0.582231 0.284922 0.095604
331 0.194678 0.582011 0.164160 0.040484
260 0.474629 0.479489 0.209648 0.125308
30 0.173242 0.504148 0.328906 0.127088
121 0.978457 0.150659 0.040703 0.025363
