55 0.718398 0.364302 0.222031 0.087945
110 0.181230 0.363593 0.095000 0.036879
202 0.904258 0.363956 0.188516 0.211736
254 0.500215 0.854148 0.993789 0.291615
254 0.499268 0.690181 0.996387 0.473440
182 0.309307 0.417236 0.350723 0.217462
78 0.160732 0.687533 0.204395 0.103286
202 0.579482 0.497626 0.541113 0.238637
189 0.051572 0.669912 0.099863 0.078747
182 0.043398 0.819198 0.084180 0.110967
78 0.186611 0.616374 0.172559 0.074703
32 0.036895 0.575187 0.071641 0.102110
32 0.293506 0.588797 0.073105 0.107857
