336 0.737881 0.598418 0.199512 0.088923
202 0.792041 0.443709 0.411895 0.245242
182 0.166006 0.746720 0.330840 0.506451
78 0.546074 0.556137 0.159023 0.079352
55 0.901162 0.304516 0.195449 0.081648
271 0.715176 0.858709 0.567383 0.282582
32 0.242578 0.545247 0.151133 0.096978
33 0.500645 0.642286 0.204453 0.104462
173 0.301201 0.657643 0.186582 0.129352
254 0.607334 0.710049 0.776855 0.367264
182 0.127285 0.572995 0.159727 0.102868
182 0.531641 0.369896 0.361563 0.238407
110 0.422695 0.302824 0.084453 0.037582
