182 0.559063 0.625170 0.611445 0.749659
39 0.780225 0.433725 0.120566 0.063516
236 0.215527 0.942044 0.197773 0.114593
141 0.334463 0.035335 0.046035 0.044011
286 0.761416 0.814170 0.053730 0.017066
300 0.233643 0.282907 0.467285 0.205945
37 0.268301 0.436769 0.048945 0.075429
37 0.305449 0.432533 0.048945 0.075440
307 0.900186 0.631940 0.199629 0.320429
226 0.353936 0.476132 0.134512 0.018308
189 0.886172 0.351275 0.097383 0.050066
189 0.869453 0.293165 0.097383 0.050066
189 0.802227 0.232236 0.118945 0.021945
102 0.868809 0.970725 0.197773 0.058549
236 0.868809 0.970659 0.197773 0.058681
102 0.217012 0.942967 0.197773 0.114066
141 0.487617 0.030082 0.352227 0.060121
254 0.501494 0.937214 0.994316 0.125527
266 0.033799 0.523626 0.065957 0.084286
32 0.338584 0.442357 0.033066 0.051571
55 0.572822 0.819143 0.777754 0.240901
33 0.685430 0.235720 0.118945 0.021945
32 0.383467 0.354308 0.038574 0.040132
32 0.343770 0.350841 0.037812 0.047747
32 0.966396 0.553247 0.049902 0.058253
141 0.489854 0.032385 0.046816 0.047341
235 0.378486 0.454643 0.042402 0.024319
163 0.571318 0.546819 0.060527 0.050363
39 0.100850 0.458643 0.103574 0.048341
