186 0.873896 0.676137 0.249512 0.243967
73 0.358135 0.697841 0.710332 0.199659
182 0.486328 0.569841 0.206719 0.124516
188 0.101533 0.442648 0.201113 0.287319
186 0.137373 0.625390 0.161426 0.086011
186 0.231699 0.637302 0.123906 0.057879
182 0.485732 0.596780 0.207207 0.179714
286 0.527842 0.632747 0.027559 0.015824
186 0.137949 0.608863 0.162461 0.054385
186 0.776865 0.716066 0.433379 0.307143
73 0.611084 0.871610 0.770996 0.256758
254 0.087441 0.879797 0.173203 0.226297
93 0.688604 0.900714 0.188262 0.085055
186 0.141934 0.654269 0.145469 0.059945
184 0.683896 0.899077 0.188262 0.085055
186 0.302412 0.617907 0.180410 0.100407
30 0.717383 0.920198 0.326562 0.139692
182 0.508604 0.678901 0.410918 0.389165
