189 0.687334 0.324654 0.114043 0.023505
286 0.680459 0.780984 0.074082 0.030451
141 0.411191 0.120549 0.331758 0.072549
235 0.255928 0.529396 0.042324 0.024440
226 0.227764 0.551247 0.136699 0.017923
78 0.122441 0.526434 0.045781 0.034714
32 0.229150 0.424071 0.038965 0.049923
33 0.572549 0.324005 0.114043 0.023505
32 0.215537 0.515033 0.031113 0.052659
163 0.436758 0.589786 0.077891 0.055945
32 0.551289 0.519511 0.041992 0.050758
266 0.970938 0.653626 0.055898 0.096154
182 0.369922 0.686209 0.734141 0.626747
207 0.899385 0.551852 0.199746 0.335769
32 0.268311 0.429791 0.038457 0.039802
55 0.426914 0.879934 0.748320 0.240132
300 0.500605 0.220643 0.998789 0.150868
300 0.197178 0.353786 0.394355 0.203967
189 0.742207 0.382863 0.105039 0.041967
189 0.566279 0.379505 0.114043 0.029121
37 0.191523 0.503374 0.029922 0.070549
37 0.155166 0.508220 0.029941 0.070549
189 0.746484 0.445225 0.087656 0.021989
