141 0.417705 0.092863 0.354473 0.067396
37 0.248457 0.494896 0.043750 0.068011
254 0.520869 0.944945 0.955840 0.110110
182 0.408545 0.635566 0.816504 0.720846
33 0.731914 0.498714 0.077773 0.033890
55 0.845596 0.842621 0.086191 0.160121
102 0.256191 0.967049 0.134219 0.065835
37 0.209414 0.494148 0.043750 0.068011
33 0.624121 0.294418 0.080703 0.020967
300 0.794629 0.337500 0.322070 0.191505
300 0.190693 0.338791 0.381387 0.191495
189 0.799844 0.409621 0.086250 0.031484
33 0.783516 0.346005 0.109570 0.048538
307 0.864365 0.667368 0.271270 0.326604
32 0.887266 0.599154 0.079258 0.061648
102 0.785088 0.976440 0.145762 0.047121
39 0.044883 0.516016 0.087109 0.047703
219 0.418223 0.726016 0.822852 0.399242
