86 0.093975 0.573769 0.165176 0.043451
86 0.261211 0.608841 0.131484 0.062429
86 0.109814 0.627242 0.165176 0.062440
86 0.387881 0.540918 0.119551 0.042341
86 0.254326 0.552604 0.133535 0.045670
86 0.386943 0.500808 0.165176 0.024495
86 0.240459 0.515286 0.165176 0.024505
86 0.082588 0.529742 0.165176 0.024495
73 0.786748 0.851093 0.426504 0.295593
86 0.410723 0.589912 0.111758 0.062440
204 0.102725 0.479258 0.161270 0.043725
186 0.581328 0.509951 0.140000 0.052604
186 0.581406 0.526995 0.140625 0.086429
182 0.949365 0.453802 0.099121 0.279363
188 0.511113 0.353429 0.250234 0.273077
254 0.307334 0.792357 0.614668 0.302495
73 0.721377 0.584253 0.557246 0.156396
182 0.806348 0.579747 0.340273 0.488703
33 0.047188 0.673423 0.090352 0.039659
279 0.134150 0.384703 0.265957 0.119714
267 0.102764 0.479203 0.161035 0.043725
83 0.043457 0.630005 0.085859 0.072890
182 0.949189 0.405802 0.098926 0.183736
186 0.588340 0.551786 0.116094 0.057923
51 0.102959 0.479555 0.161035 0.043725
267 0.349512 0.648253 0.127930 0.056066
182 0.350449 0.940308 0.700898 0.119385
