93 0.205146 0.937148 0.410293 0.125703
51 0.481377 0.464901 0.155020 0.034154
78 0.371133 0.641099 0.079609 0.039538
204 0.481387 0.464896 0.155078 0.034495
279 0.486221 0.372022 0.334082 0.110286
182 0.787822 0.583934 0.418066 0.661912
141 0.042695 0.318346 0.083203 0.042846
86 0.293438 0.514324 0.144180 0.026275
86 0.454980 0.513060 0.142539 0.025813
83 0.641963 0.551703 0.310098 0.393319
86 0.463535 0.553731 0.142539 0.043967
86 0.295039 0.554742 0.142539 0.043967
86 0.459941 0.611720 0.142539 0.065132
30 0.500000 0.872385 1.000000 0.255231
184 0.206719 0.938093 0.410312 0.123813
267 0.478232 0.465670 0.155020 0.034154
267 0.275674 0.453368 0.129238 0.059154
267 0.132119 0.530995 0.129238 0.059154
324 0.130010 0.716505 0.258496 0.099824
39 0.260342 0.666588 0.181816 0.091198
