300 0.873408 0.216319 0.253184 0.133956
343 0.033828 0.433725 0.058750 0.042769
307 0.529258 0.604363 0.403125 0.259582
300 0.169980 0.592720 0.339961 0.236297
266 0.722383 0.932071 0.301953 0.131945
236 0.051855 0.954077 0.103711 0.091846
236 0.852256 0.769104 0.074824 0.053352
300 0.393428 0.126104 0.778027 0.208451
300 0.359883 0.274830 0.714063 0.231703
33 0.403398 0.355407 0.063281 0.034725
33 0.325000 0.346593 0.063281 0.034725
189 0.549424 0.371066 0.102559 0.037736
189 0.503135 0.241560 0.121113 0.044901
189 0.558711 0.306495 0.121133 0.044901
189 0.368486 0.290462 0.121113 0.044901
236 0.545498 0.962670 0.232832 0.074659
236 0.903467 0.757808 0.074824 0.053352
173 0.751904 0.578962 0.089590 0.088912
254 0.523232 0.885907 0.941777 0.228121
32 0.018203 0.327396 0.032773 0.051626
141 0.270166 0.031604 0.360098 0.063209
182 0.913584 0.540956 0.168887 0.505341
207 0.744238 0.478214 0.306523 0.320165
55 0.398926 0.808615 0.797852 0.263912
33 0.390566 0.238071 0.117461 0.026692
82 0.753750 0.671670 0.149844 0.098791
32 0.054561 0.333698 0.041035 0.043527
226 0.056006 0.461231 0.108965 0.018088
260 0.428193 0.446780 0.132402 0.046989
