230 0.581162 0.769192 0.118535 0.069901
51 0.037168 0.597681 0.074336 0.044659
267 0.287617 0.744868 0.122891 0.057516
73 0.789189 0.818956 0.417949 0.362088
267 0.040664 0.599154 0.080547 0.044659
186 0.957422 0.592148 0.082812 0.075527
188 0.346553 0.429720 0.266738 0.253791
182 0.760430 0.582253 0.476836 0.414593
182 0.640986 0.465984 0.212949 0.197220
279 0.071006 0.499011 0.139512 0.124879
73 0.677549 0.610192 0.642012 0.232143
230 0.562178 0.740582 0.053262 0.028066
186 0.502803 0.610247 0.141543 0.060824
186 0.482754 0.569071 0.162695 0.068297
186 0.578379 0.545659 0.067305 0.038462
186 0.504658 0.559604 0.205566 0.083451
254 0.313428 0.861412 0.620879 0.277110
