141 0.652158 0.009802 0.046543 0.019604
33 0.963701 0.335945 0.068887 0.024637
141 0.800449 0.016082 0.043281 0.032165
32 0.495078 0.298846 0.037852 0.038308
102 0.450586 0.944511 0.359453 0.110978
189 0.792402 0.260637 0.103750 0.028154
39 0.719746 0.403973 0.050312 0.032956
182 0.445986 0.944500 0.367441 0.110912
343 0.479922 0.390335 0.039727 0.027440
182 0.242373 0.383473 0.482676 0.764923
33 0.965596 0.274132 0.068809 0.049099
189 0.913975 0.210209 0.099551 0.028154
189 0.802412 0.206121 0.144824 0.028154
182 0.757510 0.569055 0.480801 0.407626
163 0.247480 0.182363 0.080352 0.058440
254 0.500283 0.876764 0.997520 0.246407
55 0.575234 0.664396 0.434766 0.220659
226 0.634062 0.421522 0.146055 0.018846
226 0.505020 0.413742 0.104141 0.017593
