141 0.171562 0.107335 0.339180 0.067352
266 0.903340 0.870170 0.191719 0.074363
182 0.402773 0.546126 0.648320 0.785484
12 0.751660 0.696209 0.081328 0.079341
24 0.539219 0.605571 0.364727 0.335297
300 0.765342 0.223819 0.300410 0.106143
266 0.828447 0.947099 0.340488 0.105802
55 0.423359 0.844385 0.703008 0.311099
300 0.953418 0.227907 0.093164 0.106143
189 0.559063 0.356363 0.057578 0.036308
254 0.630303 0.895775 0.734395 0.208451
85 0.931045 0.446473 0.135410 0.244154
300 0.187070 0.193599 0.346836 0.106143
173 0.830957 0.600940 0.076680 0.097110
182 0.222617 0.655258 0.441367 0.689484
207 0.809629 0.511170 0.214219 0.325769
78 0.807461 0.333813 0.062500 0.029451
