182 0.564912 0.510670 0.605098 0.318835
186 0.062217 0.659165 0.081348 0.049187
73 0.506084 0.680863 0.987832 0.224956
254 0.167363 0.902341 0.334727 0.195319
184 0.698633 0.808165 0.171719 0.080527
188 0.753975 0.094115 0.343418 0.188187
93 0.697422 0.809148 0.174766 0.078934
73 0.652686 0.843791 0.692793 0.311934
186 0.749609 0.621516 0.453359 0.262066
186 0.101875 0.696126 0.092852 0.053176
182 0.270889 0.669165 0.512832 0.422857
30 0.740049 0.827819 0.301582 0.139352
186 0.838252 0.544264 0.319434 0.256044
