267 0.732363 0.389363 0.131211 0.054198
86 0.666084 0.472049 0.150566 0.041352
86 0.798730 0.476082 0.150586 0.041352
86 0.802314 0.530538 0.150566 0.041341
267 0.550791 0.374692 0.155293 0.040923
30 0.544902 0.729791 0.908203 0.449209
86 0.642783 0.520456 0.150566 0.041352
51 0.553975 0.374407 0.155293 0.040923
267 0.327646 0.344082 0.095449 0.068275
93 0.576514 0.766049 0.598613 0.336802
86 0.486846 0.512390 0.150566 0.041352
86 0.350693 0.404962 0.150566 0.041352
182 0.531816 0.913462 0.923164 0.173011
73 0.908721 0.572143 0.179434 0.171099
267 0.410684 0.361698 0.057773 0.041132
267 0.706143 0.570049 0.106660 0.048121
188 0.950127 0.326412 0.097168 0.271396
279 0.579609 0.280044 0.359102 0.139890
186 0.959043 0.504049 0.079688 0.085791
182 0.093848 0.601632 0.186094 0.577044
86 0.519102 0.420610 0.150586 0.041352
86 0.680420 0.428676 0.150566 0.041352
86 0.834580 0.436747 0.150566 0.041341
86 0.350615 0.447841 0.150566 0.041352
86 0.520889 0.459940 0.150566 0.041352
184 0.578525 0.768753 0.598613 0.336802
