279 0.135010 0.532901 0.267246 0.130615
78 0.410469 0.769951 0.055977 0.032429
267 0.085859 0.795093 0.130430 0.097681
182 0.827090 0.649643 0.344883 0.409923
204 0.121602 0.626253 0.154844 0.049451
186 0.609238 0.662269 0.143086 0.062846
186 0.774209 0.594016 0.216855 0.052978
254 0.377900 0.882681 0.662129 0.234615
186 0.602129 0.617808 0.156563 0.066956
230 0.767881 0.827527 0.068145 0.041209
188 0.485771 0.467225 0.257168 0.275022
49 0.496650 0.992209 0.202598 0.015582
230 0.661074 0.792049 0.050000 0.023703
267 0.075400 0.781533 0.108887 0.069044
200 0.381953 0.786852 0.058867 0.037264
73 0.732715 0.654632 0.527539 0.245022
