182 0.755937 0.523505 0.239453 0.162681
267 0.249033 0.772154 0.111348 0.064308
186 0.587109 0.574396 0.169141 0.074505
186 0.537207 0.614780 0.150586 0.044505
86 0.113301 0.658604 0.149375 0.027736
86 0.047656 0.776269 0.095312 0.070582
86 0.244688 0.629615 0.149375 0.027736
86 0.025254 0.717874 0.050508 0.056341
86 0.143115 0.694720 0.149355 0.041967
86 0.271582 0.656945 0.149375 0.040374
86 0.310410 0.709462 0.149375 0.052945
86 0.168516 0.743505 0.149375 0.062220
186 0.458838 0.646577 0.140840 0.061549
254 0.293301 0.878560 0.585742 0.239165
279 0.048867 0.526407 0.096172 0.117934
182 0.787109 0.619055 0.358984 0.409890
188 0.305391 0.459802 0.262852 0.262879
73 0.648398 0.627808 0.667500 0.263989
254 0.787471 0.832060 0.421973 0.335879
186 0.434814 0.603473 0.152090 0.067165
30 0.961348 0.833264 0.074063 0.062857
