141 0.829180 0.012852 0.048203 0.025703
78 0.771211 0.402665 0.045430 0.048890
78 0.729766 0.396747 0.035117 0.032857
55 0.788662 0.674187 0.419707 0.184242
226 0.486875 0.403918 0.160234 0.019791
254 0.500176 0.871143 0.994688 0.257560
32 0.512686 0.289143 0.038379 0.040703
182 0.465400 0.939456 0.248105 0.120978
32 0.476016 0.284731 0.036445 0.044187
32 0.452070 0.368544 0.030195 0.049110
39 0.959727 0.406527 0.079648 0.081121
78 0.293965 0.366192 0.046797 0.020143
226 0.643633 0.412352 0.166797 0.023055
39 0.861318 0.404110 0.136152 0.054484
343 0.489434 0.383775 0.041289 0.023220
102 0.462695 0.939434 0.259492 0.121132
341 0.113145 0.427648 0.142148 0.082615
236 0.458203 0.938181 0.237109 0.119022
33 0.833789 0.199791 0.115078 0.026571
37 0.397148 0.352071 0.039023 0.060626
37 0.433877 0.354714 0.039043 0.060615
189 0.814883 0.251484 0.115078 0.026571
33 0.769170 0.301995 0.042949 0.042165
33 0.857051 0.313863 0.089805 0.042165
33 0.942148 0.202725 0.115078 0.026571
307 0.883223 0.514824 0.233555 0.145407
300 0.379355 0.216170 0.758711 0.222824
300 0.475996 0.522060 0.528789 0.224099
39 0.230674 0.366962 0.104746 0.057923
