73 0.714580 0.820588 0.564707 0.358824
73 0.471328 0.617181 0.678633 0.276363
30 0.872119 0.796967 0.252871 0.148330
254 0.222168 0.876599 0.442187 0.229703
186 0.413232 0.563857 0.195840 0.057758
186 0.263887 0.642473 0.138750 0.063978
186 0.249561 0.597555 0.152363 0.074055
267 0.072432 0.784033 0.137051 0.063582
86 0.036318 0.739555 0.072637 0.056670
86 0.010654 0.682758 0.021309 0.056681
86 0.122568 0.714049 0.125957 0.082670
86 0.074697 0.662538 0.125957 0.056681
86 0.052744 0.618753 0.105488 0.033593
186 0.921631 0.507841 0.152949 0.236319
182 0.532725 0.595066 0.513848 0.419934
188 0.121396 0.431813 0.240488 0.241890
197 0.872695 0.797253 0.252422 0.148154
186 0.838818 0.558852 0.317051 0.258077
