300 0.834824 0.134896 0.330352 0.152011
172 0.396650 0.826082 0.222910 0.162516
304 0.978037 0.518368 0.041895 0.143703
182 0.254219 0.500000 0.499961 1.000000
39 0.391045 0.424016 0.119590 0.077571
39 0.588262 0.261121 0.066445 0.029538
207 0.564297 0.432621 0.327695 0.316165
266 0.641318 0.529709 0.085176 0.098495
82 0.678262 0.622940 0.198867 0.098912
55 0.535400 0.770242 0.211738 0.203626
254 0.695254 0.818632 0.602852 0.362736
32 0.477773 0.529143 0.049727 0.055187
300 0.425967 0.142352 0.508535 0.152000
339 0.809072 0.376901 0.315918 0.301385
307 0.508994 0.592698 0.354980 0.268033
