186 0.205605 0.588852 0.152812 0.073264
93 0.793174 0.774165 0.187363 0.087560
236 0.518652 0.770874 0.080234 0.062429
73 0.676943 0.818099 0.640762 0.363736
184 0.793037 0.773923 0.188379 0.089495
86 0.097891 0.704192 0.140156 0.076231
86 0.049023 0.654577 0.098047 0.061835
86 0.039053 0.607808 0.078105 0.037396
186 0.218633 0.635220 0.144766 0.064132
73 0.392939 0.623429 0.613379 0.249495
30 0.834434 0.796626 0.323359 0.154813
182 0.486592 0.590297 0.514902 0.416857
254 0.199248 0.878654 0.394746 0.242692
188 0.100410 0.442846 0.198711 0.239758
186 0.810312 0.570390 0.373203 0.293659
186 0.893672 0.495967 0.210508 0.253692
186 0.365254 0.555000 0.191992 0.058132
