30 0.943047 0.819187 0.111836 0.123846
249 0.303516 0.406016 0.238008 0.270692
73 0.765615 0.829813 0.464121 0.340374
182 0.516377 0.968407 0.674043 0.063121
279 0.038584 0.442538 0.075176 0.114769
182 0.840986 0.506253 0.315449 0.235407
286 0.820937 0.506132 0.026523 0.016637
254 0.247354 0.800330 0.489824 0.199560
182 0.604336 0.639093 0.424023 0.498121
86 0.227148 0.591077 0.144883 0.043473
86 0.092754 0.677566 0.144883 0.072780
86 0.072441 0.614703 0.144883 0.043473
86 0.210342 0.557049 0.138184 0.031242
86 0.070762 0.577390 0.138164 0.031242
186 0.376641 0.557049 0.102578 0.055242
267 0.191924 0.713005 0.120957 0.056714
86 0.245625 0.656297 0.144883 0.072791
186 0.927178 0.614775 0.141738 0.111308
73 0.626660 0.612791 0.709648 0.189780
73 0.867959 0.619830 0.258496 0.203462
186 0.392900 0.602335 0.072363 0.055242
