184 0.025967 0.222863 0.047285 0.083945
189 0.414834 0.448038 0.382441 0.102912
78 0.155918 0.414626 0.121133 0.068154
182 0.623105 0.356747 0.707578 0.293736
32 0.056025 0.377104 0.109629 0.148758
254 0.491338 0.714451 0.982676 0.496000
55 0.956426 0.444126 0.083789 0.138385
189 0.203496 0.592049 0.389844 0.118451
141 0.019336 0.077165 0.038008 0.082857
141 0.127070 0.006363 0.164102 0.012725
32 0.838467 0.311863 0.094238 0.069000
226 0.950479 0.371538 0.096074 0.013275
162 0.091777 0.505330 0.181250 0.114132
184 0.089092 0.227467 0.065957 0.072099
