267 0.137480 0.770148 0.066094 0.030582
267 0.828340 0.873907 0.340977 0.252187
30 0.724844 0.789104 0.424922 0.158055
267 0.694990 0.694434 0.079043 0.044692
267 0.867793 0.688802 0.091289 0.044022
267 0.776348 0.664170 0.091289 0.023088
267 0.776982 0.688060 0.081973 0.023088
30 0.421611 0.572280 0.216934 0.049945
30 0.491201 0.595143 0.220566 0.062396
30 0.431445 0.629110 0.310508 0.061011
309 0.426514 0.418703 0.524902 0.307121
86 0.784170 0.364236 0.431660 0.379725
55 0.889531 0.510154 0.217344 0.241626
267 0.144307 0.659588 0.131230 0.055923
256 0.157676 0.562297 0.181953 0.151692
30 0.691289 0.890198 0.438086 0.219231
30 0.500664 0.727346 0.301445 0.118319
267 0.483008 0.814231 0.091289 0.044022
12 0.463311 0.215511 0.199355 0.095967
189 0.052861 0.603582 0.104043 0.068593
267 0.334072 0.736335 0.069707 0.045571
