12 0.078486 0.544626 0.153496 0.116945
78 0.269160 0.526505 0.077070 0.059604
254 0.500537 0.796956 0.996660 0.405824
32 0.187354 0.514868 0.096738 0.147626
182 0.684824 0.463253 0.628359 0.294000
200 0.301016 0.592434 0.150664 0.085923
184 0.036758 0.331681 0.041641 0.035473
184 0.104395 0.336758 0.052305 0.046418
182 0.094834 0.932027 0.187402 0.135374
182 0.686406 0.653956 0.626328 0.674132
141 0.149092 0.115863 0.290137 0.231725
162 0.210664 0.638599 0.277187 0.099835
184 0.176270 0.338901 0.052305 0.046418
184 0.395195 0.712478 0.311758 0.113198
200 0.389609 0.713258 0.311758 0.113198
189 0.579053 0.556918 0.374902 0.092736
