12 0.369170 0.240962 0.293770 0.119440
32 0.541562 0.225956 0.105469 0.160923
78 0.629395 0.262962 0.078086 0.060780
182 0.869707 0.265555 0.257266 0.063747
182 0.162354 0.674918 0.321621 0.381198
189 0.221172 0.338533 0.439219 0.110582
189 0.878643 0.318698 0.242715 0.110582
200 0.727881 0.436555 0.518691 0.152385
200 0.621846 0.312929 0.275957 0.100626
184 0.624473 0.313665 0.275938 0.100626
184 0.732871 0.434258 0.518672 0.152385
188 0.262031 0.156055 0.361875 0.136593
254 0.500000 0.571643 1.000000 0.545088
