141 0.398672 0.336830 0.104492 0.093418
267 0.573359 0.303401 0.234453 0.083330
125 0.148643 0.738956 0.117363 0.050440
285 0.608613 0.501286 0.665430 0.483011
153 0.663389 0.751308 0.135137 0.037538
30 0.943271 0.718258 0.110371 0.079154
27 0.140781 0.437632 0.278867 0.135308
267 0.639453 0.826566 0.238398 0.133769
267 0.043760 0.756220 0.087520 0.050440
267 0.501953 0.672088 0.082422 0.035385
267 0.222168 0.635824 0.089648 0.033407
267 0.423242 0.667676 0.072266 0.045242
267 0.149424 0.738615 0.117363 0.050440
267 0.663936 0.750527 0.135137 0.037538
19 0.141191 0.500687 0.279727 0.261066
30 0.061221 0.864852 0.122441 0.139945
267 0.766094 0.954901 0.467578 0.090198
