271 0.276865 0.761978 0.553730 0.284637
33 0.805957 0.456247 0.047969 0.016297
73 0.322031 0.861071 0.638789 0.277857
33 0.222168 0.387335 0.036406 0.015703
55 0.353633 0.478951 0.115352 0.133198
73 0.166465 0.560319 0.330234 0.231626
55 0.716123 0.545956 0.167598 0.159209
186 0.107314 0.508473 0.176230 0.121868
55 0.562471 0.520126 0.150254 0.150868
55 0.446250 0.497747 0.136680 0.139956
55 0.878027 0.541709 0.199648 0.149352
207 0.842500 0.405203 0.183828 0.118846
55 0.935518 0.538264 0.118926 0.142989
188 0.361787 0.346423 0.046113 0.039242
317 0.893301 0.889473 0.209570 0.221033
304 0.160996 0.433912 0.077891 0.034220
