260 0.414102 0.466137 0.256719 0.191813
239 0.913262 0.391901 0.122969 0.239319
182 0.821377 0.932753 0.357246 0.134495
85 0.810156 0.270341 0.349531 0.279473
5 0.452959 0.625297 0.077051 0.047758
5 0.530049 0.617588 0.076191 0.034165
189 0.103936 0.663775 0.206543 0.135703
103 0.153789 0.601429 0.193008 0.023516
254 0.498477 0.707330 0.992852 0.585209
162 0.794629 0.490302 0.252422 0.087659
33 0.411465 0.631104 0.439063 0.185330
78 0.729727 0.424374 0.160273 0.090901
182 0.878066 0.292626 0.240625 0.205516
34 0.414307 0.490962 0.257207 0.142407
78 0.605791 0.521159 0.134785 0.076011
32 0.815527 0.632643 0.365000 0.319022
202 0.272578 0.464676 0.181328 0.116407
33 0.035557 0.584247 0.069004 0.054516
