78 0.031025 0.731582 0.058809 0.045143
254 0.505840 0.984330 0.953320 0.031319
189 0.414502 0.986390 0.555020 0.027198
182 0.916934 0.632099 0.163242 0.694418
182 0.602744 0.691060 0.494082 0.567286
141 0.100039 0.135198 0.197461 0.190396
110 0.581523 0.462714 0.136641 0.024066
162 0.345254 0.855621 0.210977 0.088560
78 0.173770 0.724758 0.080234 0.091538
254 0.264971 0.837516 0.528262 0.324308
141 0.968135 0.256896 0.050371 0.034231
32 0.058896 0.645198 0.055645 0.063516
69 0.173223 0.724313 0.080508 0.091505
