182 0.571045 0.666918 0.850254 0.567374
8 0.045684 0.786011 0.076719 0.027319
8 0.078027 0.757934 0.049805 0.028835
8 0.038359 0.827016 0.076719 0.036451
8 0.183311 0.953066 0.072871 0.051670
8 0.223799 0.992467 0.110645 0.015066
39 0.291484 0.696890 0.168359 0.120352
8 0.016768 0.987912 0.033535 0.024176
8 0.954619 0.981929 0.088066 0.036143
8 0.811309 0.983467 0.129805 0.033066
27 0.649766 0.896885 0.599766 0.199066
8 0.269678 0.951527 0.110645 0.051626
8 0.133506 0.916615 0.110645 0.051626
8 0.663701 0.986126 0.135215 0.027747
32 0.070615 0.351462 0.053457 0.039868
32 0.146807 0.361720 0.053066 0.051615
77 0.501348 0.689610 0.997305 0.441857
8 0.113105 0.837648 0.060508 0.028835
8 0.094268 0.969747 0.110645 0.051626
8 0.018115 0.940901 0.036230 0.051626
8 0.018115 0.884714 0.036230 0.051626
8 0.094268 0.868011 0.110645 0.051626
