182 0.634072 0.434209 0.264434 0.173516
292 0.902188 0.840802 0.191367 0.102286
78 0.877480 0.873962 0.243242 0.214934
162 0.371572 0.480797 0.229160 0.100516
5 0.236689 0.794429 0.076777 0.020022
162 0.691426 0.589407 0.247344 0.094154
32 0.585107 0.820324 0.406621 0.312956
35 0.743330 0.425742 0.084473 0.042121
34 0.284072 0.571379 0.288223 0.155330
5 0.267119 0.734088 0.088965 0.058308
260 0.312646 0.539786 0.340879 0.218604
182 0.883174 0.386082 0.232285 0.268143
78 0.658506 0.525516 0.184238 0.098088
33 0.233184 0.746132 0.462852 0.208703
55 0.168398 0.502857 0.242930 0.102945
85 0.778145 0.326093 0.249375 0.209835
78 0.471738 0.623253 0.143242 0.087714
182 0.699961 0.434286 0.395586 0.174352
5 0.346240 0.756511 0.117246 0.065154
202 0.168564 0.502901 0.243613 0.103297
254 0.498525 0.758165 0.995020 0.482066
