12 0.098633 0.349445 0.197266 0.140890
267 0.620635 0.646330 0.081230 0.037780
267 0.680400 0.676407 0.100957 0.024615
279 0.710498 0.097797 0.362598 0.190868
267 0.485859 0.331005 0.138203 0.070341
267 0.864102 0.319445 0.138203 0.070341
267 0.964980 0.243549 0.070039 0.127099
34 0.582471 0.303626 0.215527 0.103736
317 0.504629 0.549665 0.990742 0.396275
267 0.339834 0.401665 0.084004 0.045901
267 0.247031 0.404473 0.106602 0.052923
83 0.246436 0.404132 0.106621 0.052923
182 0.797187 0.474929 0.334922 0.079220
267 0.324482 0.311423 0.242246 0.156868
34 0.224160 0.483604 0.444062 0.243934
267 0.799063 0.474973 0.334922 0.079220
34 0.500322 0.806214 0.995371 0.386692
267 0.720928 0.308291 0.242246 0.156868
