12 0.181680 0.362027 0.149141 0.044231
12 0.345625 0.333577 0.149141 0.044231
184 0.329434 0.890363 0.100586 0.111319
12 0.624727 0.289302 0.149141 0.044231
184 0.427510 0.936725 0.100566 0.111319
76 0.886934 0.926038 0.070195 0.029484
213 0.745449 0.747885 0.505078 0.504231
30 0.188945 0.762571 0.375078 0.474484
34 0.744912 0.747885 0.505137 0.504231
12 0.488213 0.311522 0.106152 0.044231
182 0.426709 0.939527 0.100566 0.111319
182 0.327783 0.891291 0.100566 0.111308
271 0.744707 0.748005 0.503711 0.503989
73 0.500645 0.249802 0.997734 0.306505
34 0.360801 0.846346 0.450273 0.307308
