267 0.319551 0.873335 0.617891 0.253286
279 0.019365 0.242681 0.034785 0.079582
184 0.204453 0.359165 0.083281 0.062527
184 0.278428 0.358967 0.039434 0.047538
184 0.207744 0.310857 0.046348 0.034374
141 0.601914 0.065253 0.200703 0.129780
184 0.269463 0.402890 0.040566 0.029516
184 0.217998 0.415148 0.035410 0.037923
19 0.582783 0.619852 0.833848 0.162143
184 0.155811 0.288363 0.050801 0.034857
184 0.267021 0.311462 0.050801 0.034857
182 0.315645 0.874055 0.617891 0.251890
85 0.913867 0.443808 0.172266 0.201022
143 0.458994 0.170615 0.064121 0.038659
143 0.573564 0.278912 0.064121 0.038659
143 0.903369 0.130714 0.064121 0.038659
143 0.912529 0.263451 0.064121 0.038659
339 0.421211 0.396775 0.130547 0.181703
297 0.354160 0.529577 0.566797 0.114165
55 0.974189 0.516291 0.049082 0.045418
331 0.777549 0.905912 0.439277 0.188176
188 0.036221 0.459654 0.070723 0.114802
184 0.129697 0.319736 0.050801 0.034857
184 0.125840 0.362385 0.043672 0.043824
