184 0.610586 0.417088 0.127539 0.096044
65 0.331592 0.274319 0.663184 0.206088
184 0.639932 0.483071 0.100527 0.071440
184 0.653682 0.536412 0.100527 0.071440
184 0.747119 0.498505 0.100527 0.060571
254 0.189141 0.600637 0.368281 0.171648
309 0.748555 0.664560 0.502891 0.339846
182 0.099258 0.161769 0.197617 0.088901
141 0.094023 0.038593 0.122539 0.077187
184 0.733730 0.446192 0.083203 0.078802
184 0.723232 0.379192 0.100527 0.091527
141 0.370830 0.550363 0.200645 0.095099
55 0.450830 0.777231 0.333301 0.326989
