184 0.909014 0.563687 0.119824 0.060165
141 0.888281 0.133967 0.219453 0.144198
184 0.893457 0.509495 0.065312 0.032374
210 0.500000 0.402429 1.000000 0.802000
188 0.635205 0.700615 0.107480 0.152286
184 0.805234 0.577791 0.054219 0.043736
184 0.797520 0.531797 0.066094 0.029967
267 0.116934 0.927093 0.048477 0.016868
279 0.332559 0.507659 0.509023 0.176637
236 0.302656 0.702346 0.111250 0.103681
184 0.945107 0.625901 0.051934 0.043407
73 0.681504 0.894720 0.632773 0.210495
236 0.401162 0.703621 0.089395 0.098253
236 0.197188 0.692643 0.096172 0.106473
184 0.820410 0.495121 0.065312 0.032374
184 0.967666 0.506978 0.064668 0.032374
