143 0.614658 0.467104 0.089512 0.044912
279 0.849268 0.757071 0.299551 0.178692
184 0.947480 0.779929 0.102852 0.087088
55 0.155039 0.787896 0.278750 0.198648
184 0.313447 0.516703 0.089395 0.071473
184 0.240127 0.563786 0.106738 0.074516
210 0.499600 0.499687 0.999199 0.999374
184 0.347461 0.560319 0.078086 0.065758
184 0.184775 0.513291 0.128105 0.087484
184 0.269834 0.466291 0.108105 0.083923
141 0.053994 0.653720 0.106699 0.084165
55 0.232188 0.890275 0.365781 0.203824
184 0.286797 0.602560 0.078086 0.065758
182 0.948574 0.780654 0.102852 0.087088
309 0.476768 0.690319 0.495918 0.341626
