76 0.729443 0.930335 0.224043 0.019132
141 0.249160 0.451775 0.181172 0.150077
141 0.379482 0.239242 0.276699 0.223495
78 0.899395 0.610945 0.037344 0.026527
55 0.537734 0.607192 0.079531 0.016956
184 0.523877 0.469725 0.234004 0.113516
184 0.683193 0.450764 0.077285 0.044978
39 0.450869 0.565473 0.054316 0.035099
308 0.937705 0.653264 0.120684 0.068418
32 0.940137 0.080209 0.075469 0.041956
184 0.611660 0.373176 0.078242 0.045055
138 0.729512 0.930423 0.222109 0.019132
184 0.212051 0.545505 0.054297 0.030857
30 0.772490 0.598220 0.099199 0.031846
184 0.252764 0.535802 0.045215 0.029099
184 0.710518 0.484549 0.076426 0.043670
78 0.388408 0.925467 0.162637 0.080385
55 0.309443 0.723126 0.129785 0.073945
32 0.786914 0.102170 0.132422 0.078648
55 0.620732 0.638302 0.060098 0.073945
254 0.443936 0.666670 0.346543 0.107780
184 0.316797 0.555187 0.054297 0.030857
184 0.269629 0.568110 0.054297 0.030857
184 0.233340 0.574912 0.054297 0.030857
184 0.646973 0.410593 0.078242 0.045055
141 0.067920 0.376038 0.135840 0.145879
