30 0.298975 0.858500 0.333105 0.131747
30 0.067061 0.846379 0.134121 0.131747
182 0.890527 0.948769 0.215391 0.102462
30 0.288916 0.521934 0.197285 0.062615
186 0.904756 0.318418 0.186777 0.100945
30 0.791465 0.651918 0.413906 0.244143
186 0.547695 0.331505 0.542617 0.117231
34 0.084961 0.513412 0.168711 0.184451
73 0.498125 0.377401 0.990586 0.260231
186 0.099893 0.308335 0.197637 0.122231
254 0.502227 0.704522 0.991484 0.548429
310 0.447383 0.941780 0.873984 0.116440
347 0.842959 0.621720 0.314082 0.147615
184 0.840879 0.620203 0.318242 0.147615
