297 0.494912 0.672621 0.863613 0.261330
184 0.675811 0.510973 0.074082 0.031637
141 0.075879 0.203527 0.148516 0.108484
143 0.205762 0.009335 0.062891 0.018670
143 0.890361 0.220786 0.062910 0.028582
143 0.488789 0.230313 0.062891 0.028582
143 0.106650 0.297643 0.062910 0.028582
184 0.573535 0.473225 0.130625 0.053088
184 0.655713 0.414066 0.064824 0.026725
184 0.698135 0.458242 0.078730 0.050879
279 0.158037 0.451676 0.208848 0.099242
184 0.579756 0.425396 0.064824 0.026725
184 0.585605 0.530604 0.056719 0.040462
184 0.469434 0.487560 0.056719 0.040462
267 0.762227 0.714137 0.227383 0.123857
339 0.957314 0.584148 0.085371 0.449154
184 0.515479 0.418786 0.048379 0.031308
184 0.481611 0.452808 0.062910 0.028582
