141 0.230498 0.491126 0.079746 0.095769
55 0.453633 0.526071 0.167148 0.127703
324 0.963203 0.660412 0.073594 0.104714
324 0.955586 0.524676 0.088828 0.104714
324 0.829785 0.561824 0.151797 0.083363
182 0.238730 0.972978 0.477461 0.053978
39 0.416328 0.401742 0.102773 0.067945
55 0.133506 0.659890 0.262324 0.249033
55 0.878779 0.246324 0.153301 0.092121
30 0.366240 0.464374 0.076543 0.028505
279 0.669326 0.204593 0.154082 0.128835
254 0.348730 0.538912 0.391289 0.190286
55 0.469219 0.766038 0.356484 0.283220
8 0.855498 0.500808 0.094082 0.040648
341 0.639629 0.527747 0.210000 0.120989
12 0.840381 0.454995 0.191504 0.105813
86 0.658359 0.387588 0.116563 0.111308
309 0.534189 0.415203 0.150371 0.168253
85 0.237930 0.335390 0.475859 0.388275
