254 0.173066 0.346511 0.346133 0.228473
324 0.866475 0.376692 0.161230 0.111165
179 0.522881 0.221275 0.147402 0.090945
55 0.540771 0.033511 0.171855 0.067022
267 0.624072 0.648346 0.241465 0.141484
279 0.320381 0.057462 0.111504 0.079099
182 0.423057 0.867769 0.845566 0.264418
86 0.377490 0.143357 0.193027 0.157967
309 0.272207 0.190445 0.271328 0.173154
83 0.786455 0.067033 0.122793 0.022022
83 0.710889 0.122473 0.093145 0.044813
8 0.638711 0.240566 0.070234 0.033418
12 0.628555 0.183604 0.190312 0.097209
12 0.305938 0.526374 0.404688 0.300791
55 0.253330 0.317709 0.185605 0.137967
182 0.442295 0.294929 0.201348 0.127835
267 0.521592 0.220868 0.147402 0.090945
324 0.807725 0.242495 0.188848 0.111165
324 0.647549 0.298418 0.161230 0.111165
182 0.455908 0.407187 0.296348 0.122000
