55 0.539941 0.723632 0.338398 0.278912
12 0.727930 0.706060 0.148047 0.088890
19 0.213779 0.660176 0.401191 0.319165
188 0.372461 0.453500 0.169023 0.180934
184 0.948848 0.635852 0.101562 0.100538
77 0.213486 0.660165 0.400293 0.318374
182 0.853027 0.507500 0.182656 0.110934
267 0.480391 0.614407 0.137617 0.108484
9 0.678965 0.918066 0.414180 0.109165
184 0.832354 0.483044 0.335293 0.178725
143 0.447129 0.138500 0.092852 0.060407
78 0.765146 0.622907 0.067441 0.048297
78 0.844893 0.636731 0.067441 0.048297
34 0.856348 0.749242 0.072031 0.047429
34 0.944648 0.753555 0.110703 0.088824
79 0.483145 0.613912 0.137617 0.108484
