289 0.178408 0.276005 0.356816 0.550187
354 0.387227 0.649703 0.265820 0.108374
182 0.662207 0.761390 0.246563 0.289154
33 0.913984 0.644099 0.160430 0.081407
267 0.446865 0.740159 0.199238 0.155527
30 0.970088 0.742797 0.057441 0.099000
267 0.447041 0.744242 0.198379 0.148330
30 0.069551 0.588538 0.139102 0.123451
184 0.786475 0.316753 0.422754 0.369264
30 0.174180 0.539242 0.183672 0.101956
254 0.335020 0.771582 0.670039 0.363560
267 0.306982 0.805478 0.127012 0.072341
267 0.249316 0.783209 0.054492 0.037099
267 0.192334 0.758170 0.127012 0.039901
55 0.872139 0.700396 0.160371 0.120066
309 0.736895 0.540637 0.412461 0.152462
