141 0.889639 0.029582 0.213301 0.059143
182 0.520771 0.278588 0.320684 0.211901
254 0.641426 0.541687 0.714922 0.257220
32 0.912441 0.288313 0.050273 0.062538
254 0.623057 0.822736 0.753887 0.354527
49 0.756719 0.337418 0.061562 0.042527
32 0.886777 0.417824 0.148008 0.201165
55 0.308066 0.766220 0.613203 0.374835
182 0.758506 0.363989 0.474590 0.136242
32 0.341562 0.397181 0.108750 0.102099
55 0.784727 0.314049 0.249687 0.080407
350 0.583906 0.049918 0.331211 0.070868
182 0.136006 0.526346 0.266777 0.260473
33 0.492764 0.440253 0.161113 0.058879
