33 0.155078 0.462385 0.058828 0.041846
239 0.639795 0.422560 0.032559 0.040396
184 0.652588 0.285813 0.070410 0.044110
85 0.507715 0.263604 0.173398 0.217846
55 0.325088 0.368418 0.267090 0.058242
254 0.314980 0.580797 0.625391 0.277879
254 0.506865 0.828857 0.980293 0.342286
32 0.263955 0.379379 0.072402 0.092670
32 0.475488 0.395830 0.047773 0.060560
55 0.024531 0.405462 0.048555 0.084088
141 0.593164 0.067401 0.471211 0.134802
286 0.452471 0.461088 0.061152 0.043648
33 0.648701 0.450505 0.154277 0.046088
182 0.652490 0.389011 0.688145 0.577143
33 0.117939 0.430489 0.101191 0.031505
33 0.537568 0.438357 0.095449 0.041549
350 0.168945 0.102225 0.315625 0.087132
32 0.241943 0.480511 0.157129 0.165242
