182 0.047090 0.577747 0.091758 0.218242
33 0.492402 0.801418 0.213750 0.078000
182 0.697256 0.666753 0.601152 0.665549
286 0.758770 0.979396 0.078984 0.041121
33 0.084844 0.703363 0.062773 0.035055
32 0.326543 0.707044 0.080977 0.176615
141 0.564062 0.262632 0.439375 0.317110
184 0.632256 0.540341 0.110137 0.096484
85 0.474160 0.552758 0.151992 0.231604
55 0.197607 0.653247 0.204199 0.073352
350 0.181553 0.367505 0.296230 0.099736
339 0.797344 0.556714 0.195039 0.237758
32 0.031982 0.773698 0.061855 0.165484
49 0.175791 0.685500 0.052207 0.059681
32 0.394648 0.695489 0.049844 0.061418
32 0.236074 0.836033 0.239883 0.243033
32 0.032275 0.772033 0.062480 0.168857
254 0.430781 0.867242 0.858867 0.265516
