98 0.783057 0.815714 0.117129 0.107209
86 0.545518 0.362033 0.908965 0.431429
317 0.496816 0.803225 0.993633 0.393549
182 0.573779 0.874093 0.240723 0.251813
184 0.792773 0.960225 0.117148 0.079549
98 0.841357 0.899560 0.137441 0.066264
98 0.858994 0.769407 0.137441 0.066264
184 0.857432 0.767648 0.137441 0.066264
184 0.841045 0.899505 0.137441 0.066264
98 0.791846 0.959835 0.117129 0.080330
184 0.781729 0.815126 0.117129 0.107198
182 0.358721 0.715374 0.715801 0.569253
30 0.854639 0.858005 0.287676 0.283989
