30 0.124287 0.359527 0.201543 0.069341
189 0.849600 0.238198 0.052754 0.021341
184 0.205117 0.150736 0.078164 0.048396
141 0.570801 0.043071 0.062617 0.033835
30 0.891885 0.776242 0.216230 0.117187
141 0.683447 0.029516 0.429668 0.059011
184 0.080771 0.127747 0.103574 0.064418
182 0.047041 0.357005 0.094082 0.107615
27 0.294619 0.464885 0.562012 0.206099
184 0.418154 0.179368 0.116582 0.088978
184 0.331064 0.239571 0.098145 0.087780
55 0.716826 0.346374 0.218145 0.179692
30 0.454600 0.746302 0.671309 0.355000
30 0.840039 0.604857 0.164727 0.071275
55 0.419355 0.346011 0.200117 0.116703
340 0.704092 0.917126 0.584512 0.165725
352 0.493105 0.773330 0.470625 0.182066
30 0.901250 0.682418 0.197500 0.071275
184 0.032461 0.206011 0.063281 0.123846
182 0.339570 0.238775 0.045938 0.054802
30 0.956025 0.619143 0.087949 0.071275
30 0.732812 0.688577 0.137891 0.066363
184 0.091670 0.220912 0.053574 0.023077
55 0.932930 0.306527 0.131055 0.133604
