339 0.650947 0.126324 0.128262 0.246978
182 0.166484 0.224302 0.247461 0.122780
30 0.940811 0.543577 0.118379 0.079330
30 0.882080 0.615060 0.224512 0.099769
30 0.686826 0.573368 0.175176 0.040077
251 0.616523 0.698984 0.634883 0.214934
184 0.615234 0.699698 0.634883 0.214934
184 0.144238 0.781544 0.095625 0.035440
351 0.145469 0.780841 0.095625 0.035440
184 0.472080 0.056187 0.113770 0.096703
184 0.246582 0.021489 0.079102 0.042934
73 0.233730 0.354934 0.467148 0.288330
182 0.167891 0.307692 0.334336 0.287758
184 0.040625 0.070011 0.077852 0.128945
30 0.408164 0.204220 0.141523 0.015033
30 0.818506 0.520885 0.176660 0.079330
184 0.113867 0.086648 0.055898 0.022703
30 0.146748 0.250802 0.203496 0.087297
186 0.403232 0.373286 0.300410 0.099780
182 0.510742 0.832907 0.973633 0.334187
184 0.368359 0.115918 0.091211 0.090934
55 0.444639 0.231516 0.195332 0.123077
184 0.118496 0.011286 0.097500 0.022571
55 0.762148 0.252984 0.212383 0.188934
55 0.956465 0.229830 0.084805 0.094385
30 0.408477 0.205632 0.135977 0.010648
30 0.468564 0.694104 0.933262 0.293308
64 0.102900 0.051747 0.029980 0.019011
254 0.828887 0.248643 0.342227 0.177000
