102 0.251016 0.946231 0.208008 0.107538
267 0.569180 0.920555 0.377891 0.158890
182 0.480830 0.811593 0.956816 0.376791
86 0.447256 0.542978 0.894512 0.395846
55 0.405537 0.207286 0.802598 0.367846
102 0.874092 0.945055 0.207988 0.107538
34 0.565430 0.921363 0.377891 0.157275
98 0.472930 0.910060 0.098906 0.090780
98 0.634912 0.976093 0.098887 0.047813
98 0.498213 0.976626 0.098887 0.046747
98 0.545391 0.879835 0.098906 0.046747
267 0.472812 0.910456 0.098906 0.090780
267 0.547813 0.879154 0.098906 0.046747
267 0.497002 0.976890 0.098887 0.046220
267 0.634912 0.975121 0.098887 0.046220
