32 0.502236 0.426049 0.023457 0.039198
32 0.415332 0.421451 0.035352 0.051165
260 0.163994 0.357626 0.096504 0.024769
300 0.119346 0.250549 0.238691 0.194615
85 0.808213 0.399000 0.383574 0.428571
236 0.734609 0.679297 0.052188 0.027407
166 0.674795 0.346511 0.032520 0.033220
182 0.637197 0.463665 0.243340 0.486165
266 0.170840 0.472495 0.335078 0.064022
32 0.447881 0.427137 0.020410 0.037308
32 0.471533 0.425137 0.023457 0.039198
166 0.590029 0.332945 0.031543 0.017868
236 0.559756 0.695560 0.100020 0.027407
