256 0.290166 0.274802 0.114980 0.035538
27 0.500410 0.777846 0.996211 0.444308
256 0.964619 0.327984 0.066855 0.142516
19 0.504355 0.775533 0.985156 0.448121
267 0.447480 0.403418 0.059570 0.022879
30 0.698281 0.385835 0.065820 0.023780
267 0.861553 0.380363 0.072988 0.015143
73 0.497041 0.777302 0.988379 0.445396
186 0.496445 0.368885 0.295195 0.071813
182 0.472051 0.769308 0.774102 0.461385
310 0.484687 0.943132 0.275547 0.113736
279 0.476934 0.204049 0.411133 0.152868
30 0.889570 0.408758 0.151055 0.023604
309 0.845205 0.291643 0.309590 0.175154
309 0.131953 0.304231 0.202891 0.163341
324 0.148340 0.186808 0.167891 0.078297
267 0.111338 0.354599 0.182246 0.126780
