73 0.881006 0.551242 0.234238 0.349846
254 0.397324 0.374478 0.182969 0.253154
73 0.761416 0.337198 0.471660 0.340527
184 0.858574 0.050912 0.088438 0.068923
267 0.845625 0.937313 0.308750 0.125308
202 0.116162 0.072137 0.229941 0.133066
27 0.696484 0.230181 0.334102 0.162846
266 0.696113 0.229912 0.334180 0.163033
55 0.761279 0.338885 0.471113 0.338033
266 0.318223 0.949725 0.292383 0.100549
347 0.061064 0.816203 0.120605 0.113308
267 0.062607 0.815709 0.120605 0.113308
266 0.121006 0.950066 0.242012 0.099868
317 0.500000 0.755429 1.000000 0.489143
34 0.366719 0.224665 0.099102 0.051044
260 0.365889 0.223742 0.099121 0.051044
300 0.183779 0.339038 0.367559 0.415879
184 0.509619 0.039176 0.144824 0.078352
184 0.608857 0.020846 0.108848 0.041692
