356 0.573887 0.173308 0.818008 0.346615
189 0.344414 0.662099 0.303047 0.119143
239 0.388672 0.490445 0.093906 0.075505
239 0.204316 0.765099 0.288789 0.390198
78 0.078506 0.566159 0.112754 0.046868
247 0.498437 0.799945 0.996875 0.400110
238 0.384258 0.868478 0.506133 0.181703
239 0.224727 0.490797 0.077227 0.069022
239 0.362051 0.496505 0.050937 0.066066
78 0.327842 0.563418 0.141387 0.077934
239 0.247822 0.476099 0.054668 0.094220
355 0.335781 0.864571 0.671562 0.270264
239 0.296611 0.490440 0.079824 0.071648
