269 0.196572 0.839500 0.393145 0.103088
182 0.400762 0.315016 0.800625 0.616055
27 0.892012 0.824110 0.215977 0.351780
267 0.201904 0.840610 0.393145 0.103088
272 0.372793 0.926555 0.179141 0.093923
272 0.499141 0.895588 0.179141 0.093923
272 0.678281 0.828022 0.113867 0.073341
22 0.462793 0.076423 0.079180 0.032363
286 0.470400 0.359297 0.090879 0.029033
73 0.875801 0.329456 0.244023 0.207549
300 0.327158 0.402978 0.654316 0.313692
254 0.742168 0.359610 0.196016 0.222473
317 0.500000 0.716440 1.000000 0.567121
267 0.674219 0.829154 0.113867 0.073341
267 0.499141 0.895588 0.179141 0.093923
73 0.876123 0.260049 0.243457 0.343879
173 0.713896 0.042681 0.181934 0.085275
186 0.912754 0.161505 0.167930 0.149538
55 0.875557 0.331214 0.243887 0.204758
267 0.376992 0.925368 0.179141 0.093923
267 0.500000 0.775357 1.000000 0.387154
