12 0.119727 0.735478 0.202031 0.112033
141 0.536855 0.412890 0.084844 0.076088
267 0.230947 0.545396 0.202793 0.128615
267 0.213916 0.636253 0.393809 0.153890
55 0.535840 0.489995 0.074375 0.065088
339 0.592676 0.381143 0.413594 0.426198
85 0.718555 0.363434 0.269727 0.469198
267 0.102920 0.849808 0.202637 0.118297
267 0.358271 0.819940 0.313262 0.146560
51 0.213330 0.636429 0.393809 0.153890
300 0.947432 0.451280 0.105137 0.297703
267 0.241992 0.950802 0.463281 0.098396
184 0.188584 0.331951 0.296426 0.207527
317 0.504082 0.800610 0.989531 0.398626
267 0.778447 0.867220 0.443105 0.265560
