55 0.953711 0.191055 0.088945 0.068242
317 0.499287 0.715615 0.998574 0.568769
79 0.695186 0.587775 0.255332 0.135923
27 0.538779 0.563560 0.582637 0.200330
266 0.690859 0.586665 0.255312 0.135923
100 0.175986 0.545352 0.331777 0.309604
184 0.416455 0.077907 0.297520 0.155659
34 0.191504 0.397225 0.079219 0.042033
267 0.177295 0.546797 0.331777 0.309593
339 0.840186 0.166808 0.319629 0.333615
267 0.450869 0.287934 0.371582 0.165143
34 0.256807 0.455698 0.202012 0.107198
85 0.143916 0.175835 0.287832 0.351670
