34 0.618945 0.639522 0.160938 0.077615
184 0.725596 0.316341 0.233496 0.178615
184 0.151865 0.333868 0.118848 0.085011
184 0.234063 0.297170 0.074375 0.041659
184 0.245928 0.340951 0.074512 0.041396
186 0.335225 0.431857 0.098105 0.046571
182 0.501719 0.859220 0.990391 0.281275
85 0.485410 0.390566 0.256992 0.318780
30 0.343066 0.909165 0.683438 0.181670
317 0.500205 0.739659 0.990723 0.253407
188 0.182314 0.981055 0.150801 0.037802
19 0.186367 0.579357 0.368242 0.291484
141 0.300000 0.036077 0.139844 0.071956
141 0.947637 0.093538 0.053242 0.028593
182 0.662031 0.860280 0.674414 0.279088
100 0.629609 0.702885 0.191523 0.198011
267 0.630410 0.702890 0.191523 0.198000
267 0.746553 0.513082 0.298457 0.131286
27 0.823457 0.719291 0.353086 0.119242
266 0.909219 0.731588 0.181562 0.086934
267 0.372432 0.695577 0.035762 0.020121
267 0.458047 0.640973 0.035781 0.020121
267 0.493818 0.617973 0.035762 0.020121
267 0.521914 0.632346 0.035781 0.020121
267 0.551953 0.595676 0.070312 0.035901
267 0.617705 0.593538 0.035762 0.020132
