239 0.087637 0.551280 0.063555 0.051571
223 0.071963 0.685725 0.142832 0.094440
239 0.072041 0.686253 0.143184 0.093363
239 0.032930 0.552302 0.063555 0.051571
247 0.335234 0.791599 0.666953 0.290473
78 0.122520 0.607764 0.122969 0.062341
356 0.262617 0.221659 0.521289 0.398945
239 0.176719 0.548368 0.047539 0.061220
189 0.128730 0.660835 0.215352 0.055121
327 0.890664 0.616582 0.217852 0.194747
78 0.909395 0.429857 0.178242 0.133758
78 0.714941 0.438769 0.226758 0.133758
239 0.049453 0.527643 0.063555 0.051571
355 0.146387 0.771967 0.292773 0.176374
