182 0.857178 0.735077 0.282441 0.207473
33 0.156963 0.323280 0.309434 0.164231
39 0.600400 0.668495 0.797246 0.663011
83 0.166953 0.816857 0.333906 0.229582
327 0.863008 0.106857 0.270781 0.208176
355 0.115898 0.198698 0.227773 0.135264
17 0.687686 0.697016 0.616426 0.444560
33 0.133799 0.098967 0.263418 0.099538
78 0.157207 0.323115 0.310430 0.164824
33 0.190312 0.474121 0.375781 0.198308
239 0.404570 0.357681 0.190586 0.077341
16 0.689355 0.698154 0.619609 0.447495
254 0.502559 0.577000 0.994883 0.846000
