267 0.812500 0.695912 0.117031 0.042901
267 0.651855 0.679736 0.102500 0.052945
286 0.474316 0.608385 0.076914 0.044901
236 0.872305 0.491841 0.067187 0.033593
269 0.656426 0.681440 0.102500 0.052945
269 0.821484 0.695604 0.117031 0.042901
267 0.944424 0.701901 0.111152 0.042901
269 0.945820 0.701901 0.108359 0.042901
269 0.580889 0.755418 0.109395 0.043121
267 0.502324 0.776995 0.995352 0.446011
300 0.700137 0.313319 0.599727 0.355604
317 0.500000 0.742830 1.000000 0.514341
236 0.520107 0.517088 0.226582 0.058571
182 0.352363 0.492022 0.699297 0.826747
267 0.577861 0.753330 0.109395 0.043121
