267 0.298926 0.646868 0.331836 0.373077
267 0.605986 0.871275 0.476934 0.107341
28 0.895547 0.884148 0.208906 0.107352
34 0.517686 0.298077 0.233105 0.074220
28 0.691807 0.740275 0.476934 0.180330
28 0.295479 0.649451 0.323379 0.377802
267 0.695029 0.738527 0.476934 0.180330
12 0.359922 0.030841 0.395391 0.061681
267 0.346025 0.926225 0.168887 0.099615
77 0.368262 0.030978 0.415664 0.061956
55 0.880127 0.106522 0.236934 0.212956
267 0.895205 0.883874 0.208926 0.107352
254 0.359580 0.166418 0.719160 0.237912
28 0.604365 0.873286 0.476934 0.107341
27 0.880771 0.106363 0.237090 0.212615
12 0.225801 0.198330 0.448633 0.173297
34 0.500117 0.624522 0.992852 0.743066
28 0.348760 0.925280 0.168887 0.099615
