32 0.342100 0.595819 0.053496 0.101659
33 0.803477 0.565874 0.085352 0.023593
189 0.883877 0.604582 0.142207 0.019319
78 0.106729 0.611319 0.048105 0.028000
8 0.253838 0.952165 0.065645 0.029956
330 0.477939 0.621000 0.237480 0.093868
34 0.663496 0.585280 0.051914 0.079549
300 0.499512 0.777929 0.999023 0.347440
300 0.500000 0.341841 1.000000 0.286275
49 0.286367 0.623637 0.056523 0.059143
182 0.846973 0.815027 0.302109 0.369330
33 0.714199 0.612522 0.055898 0.022736
32 0.262217 0.564819 0.030723 0.066473
286 0.944629 0.901308 0.108203 0.049121
78 0.566943 0.610302 0.050996 0.042670
173 0.881582 0.512341 0.108750 0.052044
32 0.567568 0.610440 0.051504 0.042176
33 0.820518 0.588363 0.066699 0.027429
78 0.100889 0.658566 0.082988 0.039703
39 0.911973 0.564473 0.097969 0.060505
135 0.502383 0.576011 0.995234 0.773692
32 0.624277 0.601324 0.051836 0.053330
33 0.958887 0.593154 0.080195 0.028418
78 0.785283 0.595495 0.040059 0.024462
