355 0.294844 0.545555 0.457266 0.066824
355 0.366094 0.643566 0.595820 0.204934
239 0.394814 0.429066 0.079004 0.061231
337 0.274307 0.396165 0.044707 0.040923
239 0.255967 0.426044 0.058887 0.056066
300 0.167520 0.171154 0.294453 0.342308
356 0.591836 0.156571 0.735469 0.313143
78 0.122900 0.501830 0.098262 0.061000
182 0.071953 0.677423 0.136328 0.343835
78 0.330635 0.487176 0.123652 0.060484
223 0.256328 0.426330 0.059531 0.056154
247 0.484883 0.763720 0.938398 0.470560
239 0.413594 0.586401 0.296602 0.113110
