102 0.569980 0.787192 0.189609 0.161703
317 0.518701 0.667736 0.954590 0.664527
86 0.764072 0.097148 0.200488 0.056253
182 0.736328 0.852995 0.524727 0.293308
85 0.323809 0.159643 0.402148 0.319286
182 0.501602 0.853973 0.986641 0.292055
280 0.794307 0.928280 0.409785 0.143330
267 0.918896 0.869313 0.158652 0.188055
267 0.742637 0.580698 0.508477 0.161418
300 0.829092 0.198791 0.341816 0.287780
339 0.124600 0.160181 0.246230 0.320077
34 0.702646 0.598242 0.590527 0.251341
304 0.599355 0.241451 0.144883 0.144923
